547843
951633
27582
274368
283739
894326
583023
206939
729863
482476
10089
252119
793491
847249
947619
704939
672172
848324
299433
92298
306706
911775
341625
737526
600390
317563
206187
291930
703993
284246
617652
302149
185197
435622
889386
722717
877649
982032
359577
452319
308499
891091
228481
471330
437341
76650
518644
533977
661583
274868
455106
140599
9893
426103
650778
220153
353130
220307
664355
937560
639483
316470
497660
645048
38166
960080
563599
462702
628910
286666
916862
214947
409498
941445
382031
206266
878295
155283
458172
948610
141255
905548
814204
830662
953441
203883
202439
386781
107654
800642
551812
183034
646697
319293
613794
958830
68560
776556
45525
746429
454378
968414
821124
165758
725677
114554
348955
530519
866996
980260
897159
613277
220364
541789
110840
735292
537345
723021
130538
499574
164574
540655
108428
309613
785923
367102
475111
791582
651790
27679
134145
151801
33248
633103
512387
33528
911422
881731
315436
548273
733282
674353
678551
611877
187303
705322
596102
751529
503731
30990
456816
521242
416358
250523
57192
813304
385740
187782
709129
171008
809863
513153
468188
434052
532294
423164
246201
808241
445649
335735
188081
543639
500731
503515
685867
489618
370332
283391
786997
298531
360673
613180
737807
260674
420082
679690
220377
78232
91198
55913
241236
689004
445999
701418
893511
457944
185600
922762
957869
328842
586856
954184
967359
552251
158596
937379
821436
18940
578974
459213
1667
731470
917861
562994
41465
423954
943910
23230
164079
239842
295016
22055
783337
273968
369027
147449
116392
461700
545905
971144
750809
796718
845598
413999
355283
660317
400113
541788
442566
868294
265700
950314
753753
788839
587299
138328
957455
131447
758495
578663
364825
324572
211642
258046
901783
677267
638347
299322
658812
667602
17020
118968
595634
940748
385993
452070
559024
57625
939044
801289
904663
745109
695063
752156
821521
604002
271816
728652
798270
528123
465013
765564
394628
94966
392575
312282
700989
414957
157198
557156
986504
39015
31870
17137
484569
405503
439345
358323
948558
672568
873695
578800
434552
12194
241534
362187
330573
743438
411817
885498
163553
342109
776966
753197
953159
677766
446158
148939
173531
530361
894592
611920
246566
744331
806623
589975
101292
809681
917691
319079
579718
407620
692526
936910
798814
741884
916258
92943
59504
660720
75416
473130
833774
250547
38146
532845
35667
236500
783459
100870
679648
851304
473121
898745
69314
630324
597043
934019
895751
583519
792851
105593
891006
729542
881487
136661
167676
139464
646211
760330
714
518248
673237
604729
525028
686254
930998
14193
948121
918232
360972
842221
597499
699171
700670
790800
458050
763163
800854
244955
463844
777831
136511
686900
413703
38529
744872
218682
894851
144962
453856
565036
971176
30454
35931
889506
165583
311494
266586
492667
459072
615188
397055
584857
790774
351615
263632
68762
897121
416489
322907
910777
57839
727142
450848
832803
239170
908970
811765
738917
380700
754667
272316
929722
57045
49325
638714
804218
201499
843167
762523
472139
579352
922179
57535
596999
628576
660396
540251
230956
886639
698242
231166
728867
655025
35883
205209
786569
485066
965566
790651
75365
678884
47831
999308
151813
339720
326482
422171
272828
86910
787138
954072
805853
934031
871283
915428
22880
881407
290902
888622
367889
123780
339696
644177
191961
83344
738252
616894
921514
958238
455553
301981
482539
443650
946840
747095
92778
302422
729010
702274
11114
610050
738949
463443
785822
513131
741906
638514
293273
372054
816342
928810
270568
135068
388080
387118
640361
238335
481122
978801
587945
502217
651808
61766
934023
729430
94246
710178
231653
192050
226781
864775
913552
303437
90938
255558
115080
858947
93447
852041
722090
881847
967931
247707
676000
334723
136909
212887
189899
79000
458278
189947
562732
990470
218891
882832
717934
534502
16827
178802
510388
958405
947672
957678
646726
320547
201882
522248
306294
825605
704664
206686
25277
622271
596851
148845
694313
367247
56700
641171
769096
209515
616058
548492
69430
96724
619982
609141
530070
242993
302386
447105
123081
929810
818651
812048
712536
192451
507298
584164
160503
880844
683825
562114
1909
140193
856045
291614
948393
168009
865325
160592
121698
213545
228999
24279
175698
101021
181203
705916
564617
645069
309441
866281
78125
834315
939489
136109
450713
730578
105855
542620
923720
385285
756437
423996
688542
321630
300667
125727
73120
351078
947802
635062
745838
422997
894364
907939
823085
638709
696648
720056
54620
441717
324030
332034
38381
28043
785315
446009
755277
827528
940772
199375
727364
596657
348088
136666
570125
555880
566153
587177
942884
736484
454008
187469
473921
806784
330820
585182
357755
55433
738875
507732
564627
49379
214800
895952
840181
138080
205797
2775
732378
841781
158730
732947
344787
858116
145124
330221
488740
851260
996168
402542
334494
674230
458263
842833
542299
333668
13844
246416
321041
116593
407868
155729
33021
893043
269921
556607
748590
285649
751439
957874
49797
778717
267387
676453
617456
258282
747004
852671
320779
735588
359420
457762
973998
677741
681372
704775
772120
569677
327634
222946
409769
151500
344623
421119
514176
339566
271143
850707
87239
592639
107122
650555
429282
204539
837611
622016
954560
40847
212880
189265
917637
15443
846701
386395
159914
634205
362289
648124
740852
941513
882467
641908
842737
336781
267469
440242
684945
69963
4976
426392
499252
15890
122566
156918
302605
591646
740727
227028
345238
985704
192697
480802
561552
777396
933237
603200
371810
575716
283535
275849
654483
727760
363852
67843
760323
289507
67567
813495
660941
149640
159340
975824
849727
847783
232702
648756
303742
709465
749815
35033
301775
569538
982435
558227
799122
456091
843732
454346
350545
993852
401983
321512
164694
248856
784076
239821
457247
298745
138893
928778
682358
281179
773864
780988
150316
732536
930314
23242
653055
891337
394256
138984
32366
423875
798885
625469
365518
142212
740981
160122
856968
914019
794264
721918
640383
729405
296131
365883
606668
835923
885107
19973
321826
875828
400790
362646
482337
811083
784718
272808
684642
111048
716926
3125
626751
347459
155854
743404
886377
467420
977617
335415
328088
921064
297458
568785
729956
495049
954168
740736
364121
597583
991616
412245
488332
198545
710432
666794
565289
659537
929283
466286
866716
482592
684817
929641
678004
607622
333508
323081
320029
385003
217188
152734
816945
937362
126118
222126
984142
869705
690896
534287
555667
857465
170507
971102
100497
541841
815614
365778
954679
56120
739311
121527
738753
982821
754561
850973
408021
7002
543490
439197
113578
416395
883968
659400
909992
57933
212961
785236
530645
823668
925870
917620
900724
860699
964293
610388
528930
697455
992374
960981
838526
303404
686780
482005
728940
421913
938698
936610
796930
730442
172509
367743
196135
134084
534148
885322
979830
273398
237351
909202
9288
705086
997720
305208
710258
5148
450670
475317
187187
669417
727134
741843
94379
466451
408131
117593
632396
14057
798359
250592
793854
185785
72254
815898
850150
948067
689845
63589
710963
407292
392739
220438
520802
842114
931022
902006
486847
283538
669718
521671
648121
612504
374690
29616
770451
675648
667816
542605
460818
894124
278967
297661
543520
678957
965791
843970
440924
751079
640328
680788
631663
130380
758414
644126
982756
407816
936797
398052
192454
943255
197264
706984
353676
66694
521314
32722
754410
133693
646613
494674
958482
285680
296319
972665
420894
564081
61844
656030
107155
228631
572508
222231
1264
293241
748162
129588
653289
119003
849038
940920
21740
194386
957558
603317
573285
800290
420186
823795
587253
154877
317354
644364
878823
583533
555762
157814
605247
14530
510476
247793
828717
949932
598200
842303
424885
266944
730200
685208
656130
836150
293689
302543
738348
281645
381864
176070
955918
839442
629685
128191
980093
212784
837155
108762
673938
82802
754454
929043
956940
335245
807349
163710
272103
192928
195813
21028
831657
636857
619508
82970
246193
427440
746055
126534
372881
555629
282994
668474
542302
183640
700347
949528
519263
506399
849714
437990
922569
776146
394530
303701
683424
793444
903471
207894
628024
151335
77572
707193
418752
272888
98153
312399
585938
408045
238955
395934
819233
326896
195325
855203
487398
691587
389694
76978
394374
832704
704603
112258
623941
722699
297056
89936
62740
539957
650302
401991
376506
776051
294404
611800
267596
773510
736833
561664
14676
934154
196144
287547
26591
890214
384967
827929
207608
691774
813699
365487
782563
905295
395526
378738
757545
655023
816811
981520
530116
790846
865500
917416
134924
343669
307958
413470
634838
450955
724613
167097
447849
947509
331911
404377
443687
787243
223717
303766
393012
500368
212252
418559
284793
677864
281081
784126
382899
843077
646788
859219
922128
935315
38152
647721
448081
52995
21013
376913
769026
636636
515409
922744
491236
578858
373928
153747
104756
411318
346153
351807
730280
462910
451185
56644
567581
630646
745823
557522
755915
83720
891636
160608
919614
913099
90701
289580
911951
585037
893511
686575
604511
530735
63435
283659
201190
330844
337414
151169
717097
903152
121417
955410
44460
461964
907809
249803
452918
758569
786371
585879
38356
260323
812609
595940
910585
86926
997971
482438
456613
375593
525029
792217
266217
335138
627100
695080
240818
261480
535583
845010
213
683228
500915
637910
70267
131507
671682
940213
204726
483357
625892
646058
249708
334474
201578
60971
165884
185678
566374
67809
297642
845288
625791
24734
713392
810160
467789
884602
378309
681338
811452
362819
912862
648391
93512
881518
683503
321184
256877
953785
924721
101195
811735
500140
412413
993108
392617
311725
580726
989803
550744
795617
983641
894666
446954
100098
621869
304301
209485
51757
895549
547951
629819
722498
147352
580349
450237
867877
394856
304723
548538
370856
85609
609370
472878
520089
101231
614786
647422
15532
45452
709785
314003
750033
913753
767444
374466
758127
574730
63291
160501
518808
354804
362419
708134
632565
545796
627753
819676
33376
441608
993214
270227
230663
777811
401863
529795
184851
849901
707310
61677
17381
967429
40746
665652
560545
766299
276035
421355
380237
983277
510509
888766
377919
927090
846277
932110
193846
564248
152100
703962
491772
221898
354859
892262
68780
367995
121497
19578
244146
614682
806585
38673
266917
870753
127820
372426
722577
607909
542340
450696
880481
123824
570387
411847
127422
687687
586764
380212
446723
690436
960427
219612
985555
20954
460209
987923
778503
542708
424696
64517
729877
375199
54261
304678
506446
827123
605463
831758
325682
454613
149733
383216
861622
220074
960748
8370
32454
228931
877575
165842
329611
22637
481832
711066
373603
724232
813365
258721
670574
134549
526884
89331
935764
554492
194258
647519
188969
891849
550994
162446
381665
74527
772900
238877
815405
724770
649247
565777
334530
391160
394274
825469
944537
738000
196240
488154
78911
29721
53939
730155
246285
247044
429522
717490
997425
865018
320817
815777
931468
977782
557008
652719
906751
314364
465116
304456
647325
28163
936353
300769
154042
620637
597484
933607
873541
824914
37470
21703
702340
763219
852284
967840
514745
190196
551476
621540
652661
176778
408161
85764
867169
280240
347852
916335
622553
107490
528316
962582
878447
907105
790564
901495
251611
873019
619642
9780
150203
773543
212148
285947
633110
678205
86937
711494
327075
80028
403042
584947
866688
131959
473908
80664
507739
387902
832581
70668
997484
784390
304811
821755
216332
401131
538340
933128
826413
91274
738393
874505
270056
954138
631980
417661
667741
735077
35604
698849
858918
362849
617681
634625
752728
186554
65320
798425
780073
666276
489026
550228
228046
187366
329904
792548
22824
385257
784814
835014
550404
735480
459741
212597
941667
124705
744398
789854
136808
848341
524370
353754
614562
607024
289413
719749
978363
654667
905174
659182
561064
806374
662224
479638
136530
565145
525445
873175
152161
276348
943344
43274
853280
732101
376217
296930
612615
757509
794436
513962
82998
219739
691602
847981
597303
680140
541884
89455
55700
303548
28272
744906
822281
368764
919425
534258
987052
718454
282231
615226
715166
941429
689054
581439
692550
709936
281535
582597
616157
847042
370246
164016
617478
40942
263525
591037
874169
515417
680124
667744
790620
574854
310870
518020
416809
240882
477540
551570
321187
817871
639067
375750
192330
951153
356307
861140
774282
140259
826003
990860
119200
191711
221895
779453
914644
968086
833278
379242
742610
761665
294716
160813
13472
612116
673033
267575
688910
276751
460187
378577
630065
907662
257103
537132
491579
930900
396229
792207
453091
386050
542734
289521
150716
48691
696844
711709
152005
768037
502113
250105
54950
168648
703360
49093
531316
753095
213865
724212
590753
608301
727944
872085
736716
874965
949792
632645
842968
354195
225927
569691
499494
417098
104350
404655
227851
486360
424229
475790
654834
706918
646826
623871
78292
220065
36439
267066
280300
225556
824741
580007
110405
636903
605704
883821
848949
639711
411726
870112
166993
380557
889441
29915
11825
911256
331167
461995
412636
136459
9473
260842
176555
429538
309919
190891
419701
750289
394414
707250
603456
749438
430369
452152
616391
24393
331928
92486
748397
484799
589640
564880
669128
790566
783560
983872
639906
457504
397087
275208
184240
614499
588611
859808
121389
516153
927278
55246
766768
178963
430304
927382
652911
270566
430056
575658
269594
971768
739708
545583
783784
192252
722107
423776
144385
731443
997233
94362
885836
861943
459297
596578
457289
519467
350283
355345
592124
258468
796252
315256
398099
462385
476770
760498
504279
936751
383619
457526
343284
91951
463249
926849
88436
183544
294945
518026
521676
942127
10660
316329
777900
177574
756828
36590
142313
95383
698050
288748
677147
478993
269283
116439
543120
609394
570019
852866
515566
220733
411484
335293
865551
718701
191057
469086
323895
57090
699307
280966
515847
92734
738300
511365
449551
891479
559980
726433
59761
819043
943970
911384
412063
643572
621309
564310
688789
963105
442880
111265
705440
353913
844989
362153
723321
534355
116223
842595
982146
22680
779117
852540
871960
684028
270827
740378
913119
869758
863482
358025
21686
207527
212660
997926
22760
677246
612764
954533
562644
89118
325997
223631
690218
654313
211741
90687
182809
135698
992453
714908
516202
245966
475301
742442
725043
742145
612419
898413
442431
500349
746093
885709
891626
184426
145745
79195
357829
671969
678354
257843
45236
207291
832692
830619
51373
652351
64289
353159
822289
765317
312443
523753
285881
778958
101940
865252
575636
913721
633823
15908
544621
378566
411163
880768
937200
98337
120360
983084
149639
965180
295033
269375
76650
854890
328223
644743
346327
688511
685440
471634
236325
778882
592894
818309
848986
125644
232980
46556
509288
82295
80410
737133
863424
231811
368033
894623
396010
794436
879729
510808
110135
957307
399082
666643
797789
836796
181104
291081
102740
377419
366325
270541
839683
671024
629500
653666
956344
250456
126675
28015
225670
805309
936369
96598
91796
694585
515816
972895
724305
796829
264030
216012
253637
496360
261858
678277
385958
447494
269530
881326
55392
403140
589820
981652
254602
788752
580848
10186
800277
72897
117669
359582
47188
180809
231626
904188
783431
401360
350399
291953
271360
65972
953164
892632
822281
861396
836820
591940
565922
845252
903142
276749
999913
385280
781223
250530
952008
87593
584054
924813
936094
977035
386159
4272
752116
996336
741494
504305
19084
356293
303349
882695
272961
267960
309740
604065
566518
781753
571415
777750
601390
519739
42475
575557
692029
203526
182119
296308
27055
697003
265402
733402
951085
160982
390434
709207
552161
962466
25230
325502
839142
881741
760432
120172
537432
399862
616299
495456
167711
281436
263604
426735
419226
667893
583311
79713
237164
785775
102744
905800
363574
927069
247932
687477
755872
114555
538470
656147
554517
250586
818415
865962
877064
289756
988647
280381
656739
594739
19660
555516
519624
651719
90766
114785
563935
157135
688461
670741
923700
337579
305105
101727
829765
709647
765230
740250
146681
4787
246103
871280
541395
449073
623347
721316
549236
277170
745653
429539
347375
336938
546473
844968
941966
440732
601102
469276
883153
618893
813801
764488
522032
379545
601366
467799
208674
508956
96881
285356
807979
424343
912834
91209
752323
849893
647736
406698
44047
449681
730204
546503
750277
597478
710655
596068
268520
893478
447276
665431
967949
660716
214152
908368
668902
394569
34980
986653
678242
44174
812286
498049
28052
822910
414609
868577
369323
70312
993430
256455
716172
889843
344101
413116
877365
831568
515605
404674
220391
203022
193689
989861
290927
638438
957712
939961
106782
875235
369743
849710
131655
61657
62533
547750
405356
954057
329037
873946
500776
511321
463886
385869
419866
821814
79000
390035
934354
90589
152373
197469
844461
8770
127082
863555
995962
470258
408300
329801
773668
77163
231371
111679
942448
989992
49998
143274
72745
103230
404737
37319
416777
332057
187719
477021
648884
663658
504512
571339
225229
275720
637440
517995
937844
391873
510138
416405
634034
419921
378909
143629
990477
322428
155438
589101
542564
949459
787498
816051
245454
305858
732115
919982
501201
212641
219261
247209
233218
829988
852272
506245
808171
607322
551270
870693
495297
88471
681351
868381
394266
35934
491124
336028
22520
247989
356602
923406
846176
527740
589834
162579
919541
65139
247392
765246
864172
269381
828096
865017
669554
993205
251986
68676
411583
653581
651239
132511
903758
124562
547509
749075
978467
578491
918805
764895
381323
538440
914201
496256
633602
359584
900179
557795
165225
704079
965897
351208
426205
448729
462727
195396
697479
286925
719757
373054
229040
246076
673888
286580
272930
828217
807282
952468
40313
533585
436805
563480
503306
309952
989491
685073
923218
409873
588941
782117
869292
921168
444913
383800
92760
232761
647001
139728
904699
27185
251917
951872
567761
575590
275823
97569
403551
610726
595622
291703
428399
975980
469880
683431
591222
78001
726408
377660
789419
462695
755372
773355
62115
815334
332066
589778
135134
386037
436745
390746
228214
271740
188221
341766
323978
72451
441504
76136
470486
718710
676347
101701
223501
500541
458117
240794
442395
505067
248207
191027
278759
78840
242546
464897
37823
141557
193982
36096
345213
759638
604938
465424
331247
388718
438093
57342
994305
882756
710287
936590
373601
212043
419927
845705
120922
307296
45031
693121
640190
409719
25085
507665
146405
845447
732663
914849
156810
451825
778956
263480
102513
839166
487996
58057
598404
263874
687664
454046
398976
671818
867045
148004
642238
859400
98823
354520
799151
704612
408720
791117
240670
137783
10115
479463
659653
246366
323314
432871
852928
726365
956227
728472
940591
623323
10872
284967
24916
852177
550166
572195
419880
676726
623616
665340
499369
805156
934046
160780
240641
423995
208634
576710
528614
380092
217127
296356
105853
120859
351010
278200
640732
39942
907856
944926
337402
770196
599573
363036
673263
858501
11969
526287
799260
766848
129824
169654
881228
10737
143242
812738
172270
507542
195907
487531
548762
37508
715055
909115
749780
910375
219387
5882
181820
651960
538785
139296
806577
950461
446267
179367
612661
161537
454
696028
858976
730532
322095
348803
905423
156027
790755
668139
135493
681302
26109
50754
74319
635112
351982
841107
753347
479362
585987
138870
41030
154442
151778
583045
170310
91598
923489
80038
331802
560558
637303
464975
289223
741310
615262
973282
263628
292336
749119
143207
484187
639851
205668
146005
863988
880651
587738
516222
452662
42951
519290
941051
894985
927133
755275
141902
274326
239380
152833
792582
520703
653700
923514
953430
414376
179360
203220
491790
947510
738105
133865
870912
944800
677054
243861
308789
734027
137609
856151
919871
376567
972151
500867
906789
649921
662553
604899
777223
858784
441399
124551
104480
971764
413348
200071
615987
608604
848287
24468
730736
755628
108786
997763
772727
259791
758657
403285
343805
439713
943443
807160
112429
707871
594537
622683
906817
752576
45277
224486
47698
702236
713904
691409
741042
232393
372079
960567
496239
942902
398962
236431
217463
139430
95770
190732
689828
54836
740427
79054
26495
64228
397782
381795
849179
667307
290639
113540
116955
695145
750790
650820
821177
990749
64217
258408
991071
484355
49154
910304
1120
934950
682595
107680
675411
908405
615426
916885
273398
748819
580413
261266
285309
697869
44271
470451
191035
381177
492913
707132
843315
528233
734627
626227
855571
750215
789533
374409
999361
953603
383689
953624
620557
4126
526967
972818
225544
197214
364565
351676
965677
756650
253277
818449
580644
569233
411466
101245
566177
901411
862718
169437
622457
609967
251719
277455
974570
215084
563500
738024
536526
602790
685611
619712
310396
10976
429996
514914
929767
92168
836294
144731
892939
727949
991854
424434
162700
916979
836790
451387
310055
405458
253877
886780
939005
506639
343778
841175
785207
996961
32087
466411
414613
675063
526529
747408
211098
970253
583547
783104
20175
508975
706138
6828
188890
763278
551226
816221
387713
129136
605068
732085
650471
92759
288233
4787
75580
27391
590646
536625
577832
310984
772900
732418
88840
419169
194934
252877
330984
617531
582377
202654
941550
589724
330602
661128
14316
647331
764008
951498
879014
502875
198792
439648
821567
642121
761249
869450
745413
271726
861794
974376
133352
882390
33956
181323
202763
235027
611205
517744
185932
524831
884856
397631
371609
913
699364
549432
268643
481293
166322
548304
50769
777463
920702
961821
708579
810589
239714
818231
453575
208146
904319
120683
495982
590399
240916
220017
137314
166795
564807
410543
975615
409113
859992
294183
653209
602694
7308
527310
821221
389883
758073
437202
121182
732080
866226
393970
645422
415726
221220
469657
320953
318507
467596
477793
308110
942182
424942
321101
912027
267702
364542
654464
915134
133160
618976
536366
534230
543211
195671
258646
382927
999263
970588
506206
886944
454042
100453
252516
525252
164349
723673
110121
278945
215263
395769
23973
190325
96356
428296
95503
35813
547496
198130
800113
501898
713578
299522
392992
174868
915855
747536
996869
942231
474036
517883
945537
708568
149384
999665
738833
221242
458499
8275
568969
499626
818014
811879
36017
241765
241837
510049
259323
376005
307843
12335
425707
520215
798698
817221
926201
580238
464329
72902
268961
397522
162005
136274
252079
214887
823674
110139
3376
228566
940679
738761
492130
850238
371492
784041
269775
445062
825852
476033
13879
801507
327235
348326
985454
226697
306233
372741
563400
94569
921410
174360
485587
219601
355265
69811
9021
858257
582811
195813
605060
253789
992453
246552
866833
901234
922259
440338
808275
711555
921237
347663
224532
415198
153933
55418
686145
491553
269869
226887
180991
806996
612803
420106
78248
614496
847432
436252
125990
834342
697070
339056
696219
578602
491329
655917
936402
137763
433313
46407
227800
251781
399881
146116
604185
667133
767708
156868
639781
409422
558840
390139
395542
416291
177687
341036
859052
276177
758121
154965
389166
277367
425322
642939
243328
648120
90711
242815
369545
911873
462633
756720
541870
824263
895074
506561
439364
69757
120362
437070
144561
232399
737523
33516
990216
869076
829799
498758
892587
785104
23995
165805
468478
491253
269667
881093
701974
381266
596972
565175
342353
974617
914440
878171
752129
247486
814331
529589
948861
897206
264875
855397
567344
45469
720524
707791
452275
15501
898929
161498
147995
5345
265818
102511
257637
646530
986255
384696
976413
561638
230703
874927
375719
914469
39706
857126
284120
489757
433113
151567
589506
891832
234737
511138
364589
497379
829975
345112
989084
120617
825791
882874
470864
544264
343884
892167
831085
160756
225388
229055
604747
74634
634858
952270
472401
912958
408936
150075
721371
566302
395641
747268
839130
232143
488942
692892
984222
343174
204916
423580
788542
275893
991629
853540
930900
425002
934443
414202
940106
81331
968536
781217
949193
562306
586152
927949
890237
166218
303540
129105
297791
522570
467760
102016
87317
295136
974252
467959
288443
374858
31150
747994
547955
898823
763006
656530
402590
261703
621212
60692
541445
714098
649868
847488
80339
693477
231038
725454
392688
328086
655997
617395
593634
570282
365554
752424
131088
495998
430525
135772
349986
421025
269792
977201
777159
338582
391047
209738
229369
833307
5856
610769
849020
17314
526542
675804
563597
656762
340796
392083
56176
69802
711450
55672
623443
618433
113275
586396
389195
456550
379408
999614
809483
753755
899301
12436
764794
450000
140692
919267
730462
576289
758448
482017
68800
745147
296802
241339
903019
936858
678328
588544
596334
126075
211744
902646
875656
201415
118266
843213
324127
460996
874848
843356
133382
515553
946805
572573
332916
420981
338625
254011
466382
683321
283442
361405
33808
243650
789024
610690
715425
984798
192571
611134
89277
442407
504577
608486
471595
620301
433013
226907
613234
103469
86517
540991
827733
533467
597773
818318
731125
128759
787519
164354
296886
400482
75959
248348
102879
427842
227410
394789
729328
637067
164282
716231
555435
858371
611106
366329
462108
318491
185932
967151
147709
882482
963240
81555
851536
405129
447131
241671
563600
346677
16923
227032
463445
119402
575772
111716
399644
572037
982988
777422
210462
742614
190643
929988
509669
338413
193472
305315
639437
782278
780782
486978
923850
289848
326846
450232
629262
597581
459237
921630
89784
65827
560242
638076
293687
15355
896327
526818
115443
944502
677326
895774
243559
538126
970719
137778
693979
834029
389797
849968
933391
546844
328780
820676
392375
239980
478174
628390
381432
77266
66986
125702
933837
342439
33282
909238
473855
740168
114574
729345
249882
82723
3683
127099
691854
466183
167516
522327
225233
565315
457319
392500
268474
734183
319791
747711
896707
710377
133703
94246
837939
166560
811832
683879
959972
357898
345534
539700
950389
874773
23305
924444
818272
115323
489621
650400
675785
753482
314491
500307
33074
880554
224792
830450
371001
807176
56731
783332
882716
240478
591719
353173
912044
443830
689727
982388
416407
833129
352215
69253
164615
42597
850439
935817
333715
924473
209424
489290
902841
489128
57777
525321
481884
669189
579706
738832
13101
475281
552667
440718
250468
492775
218844
728085
214443
757631
410720
778397
656782
813124
525744
987143
273672
242226
787413
875706
719914
973970
828722
323972
955365
911866
651052
167887
199600
776385
268391
300514
583900
420222
254478
772468
667387
529582
666675
600673
583650
563251
399152
707171
768674
639080
263147
995600
527316
156637
631490
44222
347315
339866
636369
610620
547777
77061
805332
25735
183019
886681
504170
910540
609035
201609
428647
886643
373596
557899
742956
330608
540806
707843
602962
726497
864728
369894
807302
610936
419777
984435
801261
343599
482810
670416
117407
824824
260556
888362
925950
721857
930444
707342
193054
483661
656499
162009
744976
159033
21192
953696
904163
63101
144529
564509
864163
22749
464503
564257
453266
249318
255503
339204
353688
444220
997381
49885
329875
817245
776867
633087
894793
185609
584129
750654
676335
615885
20022
382061
925040
676029
578023
237338
109724
872733
958270
870374
510498
482264
644799
893457
996756
333498
426795
728133
714749
650304
851492
223929
312782
208828
175015
416039
582635
28616
206573
92798
186150
100911
793893
81834
545359
606556
933201
314120
488564
503944
281227
15396
590850
310560
847180
128759
756037
232679
284429
254164
92300
774452
34435
359005
208973
592497
872111
563724
149584
358259
125360
387234
255360
477573
627821
149155
742140
287434
823124
86027
983125
41057
482542
335407
241991
723648
849435
998254
392393
47605
925165
979749
816427
73386
782319
495726
685989
821671
131734
95940
90039
631605
938026
465785
88302
151437
362669
904995
833294
668765
932024
85286
629352
771471
160122
573101
658547
128155
664115
615825
895860
731863
763014
110644
53230
486537
699384
760440
766890
577958
476041
464989
871111
451000
701828
378492
741285
905816
788275
464415
975336
843323
167797
269074
872475
851868
867403
794868
638703
509193
463145
645990
461043
483728
306621
264992
939615
173902
570345
717596
309923
629036
944395
524379
756783
455178
263150
937
641332
426369
232364
425681
775210
443689
461838
940162
930489
446986
163183
970824
157740
81608
571362
586837
595875
975502
60452
673836
384104
499152
408213
515029
4493
594471
103052
281639
880698
63444
43091
397465
360540
797344
3501
656476
831583
728644
108823
678326
348835
270980
859846
663224
204278
56840
99952
513259
66188
916180
580755
812261
444181
348939
405765
229916
544837
817632
476455
730908
103055
724772
622995
146930
85567
987686
102799
470719
898794
652535
316152
192833
605250
31066
88671
199747
208172
988099
553851
741064
264572
659769
2611
13103
822033
165955
823806
215442
297675
68505
786150
324818
207363
73185
305306
845766
569061
848170
93213
430269
73539
376230
317936
528376
20771
35724
548727
656975
170288
674913
157563
565928
47868
587415
36296
156699
790826
100400
663333
824473
87724
91555
258950
70950
921783
366314
312162
53371
572878
346114
451903
146680
72334
124220
172969
752045
886091
369448
598522
511171
863369
587834
758641
639376
391253
551247
241110
324945
920814
277610
77312
167003
682551
931704
586500
783836
753242
952650
504316
680913
710569
512853
296549
934181
787128
852997
415416
856789
332022
924973
646961
124021
767546
73251
608407
172125
882173
295134
462924
775653
235081
600370
865482
793971
249697
326430
228647
179246
341941
8805
332821
20293
336210
379894
850502
655968
244488
295101
236211
500085
833521
728612
60820
785790
41543
85445
108881
772608
754045
678418
154125
957955
144087
278970
568847
517293
824653
915822
468261
126171
81788
563424
170020
237594
898274
453014
106401
500327
267756
319214
512019
822165
716650
976669
300573
108078
47823
238241
864560
971492
833191
285611
621714
894136
86155
893524
969600
918675
640429
597529
774700
829871
974842
870378
885599
672450
300000
534905
12076
70706
726050
144156
101312
589194
328109
986312
322972
97042
776082
660386
638035
539559
332190
82193
233254
138383
499599
292254
590079
1212
7519
562953
255033
800415
96380
54988
344132
950263
15411
16845
406514
827756
883315
486704
303990
759787
925028
851649
969684
139240
572443
854780
488336
404305
166602
378584
848934
566297
75973
412126
647566
782402
224718
525333
641247
816923
784401
442787
960187
440087
162283
133354
900007
582312
528321
456619
619380
982871
381925
606876
997775
508329
997130
37364
551654
199002
291331
247719
990409
513807
873795
194896
568334
910883
45526
939934
527567
459230
653936
850541
945990
808127
293363
487334
888250
719782
523319
874614
338938
642398
109132
159092
360610
118363
130308
695828
436126
42290
308482
1064
81256
703484
899573
461050
264791
324576
638255
518005
486107
977670
409540
349850
954013
510416
56409
867908
794830
270689
861939
499796
841931
410880
672674
998253
162401
52288
218293
89156
845450
75061
5273
433568
607426
55709
238167
25777
845405
581922
205556
59110
15631
836459
331791
742732
566425
830062
644519
477028
778355
641057
11066
28014
294714
328453
545474
730540
364483
640892
45514
189898
849336
220429
256911
675679
16176
984610
778844
338355
534741
816440
383160
443482
715815
173276
31550
104478
90882
364216
140612
443537
447314
908536
480710
806345
372172
526728
703984
3029
671496
238577
730698
595698
478212
91147
720411
961053
148721
998977
927132
577044
785677
214651
476837
956943
511433
594342
384085
261490
187295
105369
434306
824744
356862
979931
664938
626695
996814
244845
532310
273709
881225
607850
830943
500212
546333
705997
998580
62266
5963
100711
348723
632942
611364
191738
74640
673131
106510
516799
386782
405768
331932
116024
643579
569792
655223
226006
110594
251074
411910
205780
557110
416407
569210
532586
634982
408993
710206
608620
896508
975685
303387
738567
645151
790471
13597
57964
102135
327815
197288
330293
292478
396436
916972
963608
117086
169232
879788
628
612174
123213
770229
540239
620622
382845
615331
848538
475949
842139
521918
473480
352282
419141
625485
303722
376023
61103
994046
797711
150132
997194
9347
69489
160998
234446
153200
937481
174395
511319
332118
454561
106078
781143
480608
911902
184962
64413
392525
7920
943170
602608
230810
418732
324328
828489
162915
296054
256138
203125
989205
798939
344496
581326
282003
382438
839330
178386
140398
440538
975398
496344
974895
390235
597418
737871
156324
309255
996990
936691
950465
313023
366935
592348
921468
937735
653548
118325
179880
521291
773684
481569
486988
671362
697220
541669
934892
223498
179432
74093
995992
281902
472422
245280
58157
221689
515273
246848
46181
181233
262083
657164
670297
981099
923751
540012
559042
158200
763236
277838
785738
303402
595079
310326
159206
343937
10339
918548
313867
896971
300622
383991
976814
149395
311807
690860
908124
511436
760863
826616
998511
477835
651485
938017
676286
702711
112169
336116
51273
739414
553759
585638
924774
164667
363561
346216
892503
519228
798838
77080
79264
205805
427281
677264
47787
945528
847734
883067
803143
73832
488811
466456
83072
289939
474094
454060
528274
80575
116222
390222
646722
431356
637673
998909
102315
789185
53814
381115
423817
856031
939160
977020
151894
967597
321162
213918
955050
346607
202666
760076
51785
66883
193804
776788
162688
280808
545868
920558
509714
88370
361708
67290
440758
923286
129645
78141
646370
195594
707779
69619
111823
311030
832614
697663
829367
680278
22027
94975
755496
508888
558813
235182
908425
697192
401590
221571
690517
417941
122406
391844
533007
271308
131471
952490
984317
516710
449692
74881
404141
618869
559678
23661
439087
49613
837220
478456
154722
765611
805567
570142
145043
946408
145783
279963
565183
341067
417842
750994
14606
399881
541192
946192
109327
136100
397745
354150
634159
879094
267527
94168
410159
439244
621532
836655
698059
650765
365338
503254
5934
749666
625902
385289
362776
272884
816664
283065
482887
602389
704193
673192
688460
589063
609942
652696
692262
777231
476813
242390
304484
794435
135050
176008
315033
205221
264241
670128
866179
367542
645674
72602
160469
649630
102607
591613
226274
154377
290399
634068
558539
229162
548022
947204
745694
526768
917713
417289
391243
422474
501711
439097
460922
474972
319494
628366
164784
891462
907113
64972
21922
671747
303936
144525
959092
342567
992121
785051
172434
771156
175262
971236
994381
844403
116525
761513
75982
335347
581644
496752
479743
150253
795424
278521
325434
954377
914854
77065
800596
646615
179601
301633
700011
543727
999586
753433
292827
661137
370691
148373
171736
635759
323898
906338
828
60935
639058
712339
903856
109534
713731
603816
500002
173880
958354
239257
864941
868817
752288
316320
230899
490508
379285
188676
817202
603541
502387
167668
101810
9123
724755
401611
963997
525315
444542
933570
83057
733635
206273
151817
510824
7476
650782
26743
741599
149043
817013
915142
590758
964158
809650
472894
231119
370819
683996
630260
549587
444823
239296
913141
968056
653194
527040
749448
367401
664192
961776
166265
154786
467759
778499
200097
569336
966642
761332
573465
615054
318753
274180
63909
494114
868379
720456
614204
961051
736228
846293
503089
376266
134671
593287
777813
839497
598533
155799
695222
457161
456828
388708
899951
748494
970766
100963
905336
114506
328820
706409
115578
995607
893624
860768
117792
81991
285298
893480
940573
340161
168809
920379
978254
368374
911463
325202
419173
235518
447577
478420
452020
297217
351698
697640
871200
303312
389653
326753
658217
807683
328350
144668
169993
537006
867260
350994
856900
461463
170347
335418
431576
640903
179419
990854
839951
640775
800822
9444
679796
749467
778576
958810
447351
595205
659501
23420
166622
435631
618744
974839
7482
638301
935071
59885
660250
80694
652915
702473
651514
954981
339614
94453
904217
46743
560772
461515
409461
114985
520816
62474
811616
603145
121273
392488
168195
9020
636695
410233
105593
718320
762062
846944
281561
43438
724097
561402
467187
713158
809606
849595
541574
454924
229108
655711
487986
726359
577494
211037
859291
640000
472079
64524
73250
343621
156722
412940
454937
642317
21283
792989
430384
817516
59722
633823
73723
253483
549155
6768
947986
433286
624164
657051
182155
937031
479975
822641
852413
343782
523834
124392
443713
173056
533742
745299
702884
699714
396636
807816
527621
451659
635418
405208
972790
561098
774970
482432
104768
527558
364726
728249
548349
952605
633466
458201
149011
126264
530269
847787
570376
624503
776673
832016
78621
386152
237609
888188
838178
152968
569487
823725
16117
243874
427865
201970
322485
9515
667631
74854
407353
43662
767255
822685
438734
327404
519792
8908
225814
883791
400729
133265
430942
952796
911630
943575
888518
118127
706377
253925
584676
857407
752639
252108
589644
975365
677245
778160
734934
726844
745827
342468
803781
762181
920435
873057
90797
59447
440849
961768
219929
636937
75596
813033
169705
996345
303770
316882
464333
434648
195299
888606
939694
73795
222388
357734
609249
731151
527128
793501
884410
635902
9638
105541
911958
64630
264182
24464
81094
320655
24921
362474
95289
119880
809247
153151
154507
971753
372292
896896
94678
627740
941133
783374
490231
509514
645018
442498
511043
558689
84259
393915
476664
389709
948180
463268
977768
815277
153030
620233
617110
741130
797176
635943
361503
553964
741220
903013
992961
326008
966074
799239
161944
139365
976076
396848
249173
453536
941711
631595
961718
281881
53066
531941
439085
888898
267359
664077
497804
381203
262392
632484
454057
813693
771080
297894
272365
998682
128590
851493
103309
503645
216599
593189
22053
349545
863628
81412
721722
47110
900173
456360
667260
394428
394962
938395
727912
506222
301592
441122
450290
590353
334448
578360
571723
994566
291427
39903
966288
497325
648423
474692
875892
895256
448448
830581
514818
760064
569792
946572
130050
248131
564014
373406
74412
753164
512540
288148
659893
816845
354708
608130
13079
190783
419539
74268
999014
714661
348373
2120
965683
227574
26290
583332
143083
995786
404629
722970
569957
566585
443723
669868
273006
30918
293974
793737
491477
11397
851585
923895
721112
739629
771062
55612
344626
397441
718759
898871
227059
910823
920643
47533
784842
364184
732047
164196
57080
589917
754970
309520
90579
28716
679558
516461
130976
713052
604760
624664
484564
135847
288493
119838
412844
592212
917576
746319
964267
592277
277523
772718
509158
20002
535053
270654
21820
895695
806347
576543
516691
89781
467978
809300
349472
914949
689057
625869
765002
480167
352100
542072
711409
716582
33525
784682
539599
32243
832878
425930
834039
615771
247159
471519
704845
649973
247353
601894
602752
309980
353547
584884
792848
835089
146446
109552
538895
370976
734093
118244
54364
558843
903904
702824
280363
173486
321557
764653
935610
324868
832673
150300
569013
392613
3627
20007
720674
883264
126213
453452
728344
903459
719079
608715
175520
700155
656581
702299
359398
925201
672600
729974
16495
780065
185721
94927
67544
687018
93699
514887
652922
142752
469162
300129
251242
88940
958847
446302
165960
312111
221586
742106
332537
751341
629308
792764
678303
526596
175421
205971
995803
385074
466940
400267
400857
432466
482588
462565
992832
619752
488205
910972
234486
646398
426857
755426
919114
544940
391048
756300
789758
379966
375583
951434
492396
97012
696609
741578
544179
186426
94317
85093
507815
254931
642322
776953
497621
175433
884069
847122
670539
588192
497825
448748
835922
946232
944314
775258
776086
48304
334923
29566
360082
374428
616666
498125
920841
463029
45821
433742
179271
324457
894499
974023
722088
581402
185352
452293
12601
301737
24860
682310
626179
659209
331058
119304
502633
842206
362635
110058
712259
916268
612142
838448
516413
244963
420997
84991
776748
861570
943106
282571
678072
872298
780390
113228
421144
446267
374171
574700
362309
980419
560189
391465
671600
722478
511130
229193
294219
171154
309463
470902
547287
68501
157331
485324
995382
61114
927055
566386
294149
377105
77338
745058
794860
900500
786256
690872
445933
979487
41563
612713
308101
117254
639126
332240
573438
391379
17441
78940
256320
324420
759698
807558
950857
454277
679070
6337
693514
990276
380530
183364
872499
164572
779438
630105
961664
448827
30736
554130
851259
75631
679995
803149
83306
878308
523586
358326
33307
871152
251021
806753
943440
171670
738174
379265
100365
919622
606380
738138
39660
66303
495228
145215
751314
621898
720048
451090
438911
699769
974833
392564
791290
49073
793240
224110
451911
255621
156277
572175
780811
445337
255681
412319
740975
350558
992518
325717
294593
299867
445978
821535
558654
652351
225008
822564
617682
971190
643793
138960
280855
75530
895064
727474
627692
487351
393242
237209
942393
264015
165609
408020
780427
791898
671747
748484
925844
669245
881237
719171
555082
56474
569646
497803
480366
13499
983007
5584
386191
940252
775673
286915
465999
911351
322264
736235
835541
972308
61070
982880
64285
241392
357913
432947
951684
324653
611240
504456
999171
518278
475047
478941
47535
423779
700911
63573
489501
185922
934823
337386
899016
259507
390000
385849
218299
995736
367792
154488
522533
979059
42038
34081
327385
354976
707421
865382
162596
543602
707827
679485
585373
63025
943259
365096
925587
700180
84515
832706
657639
702851
75776
79747
826683
80991
257585
44982
957360
79237
691831
80894
745245
340611
911244
911401
216666
380397
701258
913890
38883
460867
971584
294276
249051
630587
884155
956199
287432
686801
761526
950664
70743
682311
172917
422224
784860
235422
429284
329514
890621
781511
918134
581953
39931
4311
135635
945683
876557
739045
953819
418608
207880
572987
548211
677105
1514
125002
151840
969893
806553
280465
296675
448924
676342
962518
902536
897753
173100
170480
314153
151326
801900
477499
35803
330933
43533
690080
103128
57989
844714
343060
679968
814858
90858
36238
608100
437938
750484
808398
22090
525967
435400
181831
349886
105939
356670
353135
232164
364841
114457
166419
188576
102646
112345
180489
788273
926920
793157
228559
884134
822292
395553
167540
624213
167670
958662
892477
829859
327853
985605
22970
968392
241613
604659
730226
421619
884271
812257
51090
491981
227861
477615
300390
592166
458320
606946
309584
407658
529264
949655
978350
1316
342480
720883
240119
122143
359033
90309
800691
144963
757516
207726
482031
419257
220874
104867
208691
375596
909120
137157
702943
442704
574871
774826
236677
78020
881149
528083
143238
226214
406089
374637
761773
298793
978764
532869
113798
39377
970964
238751
725846
384751
557837
102102
958113
434724
594637
699071
584302
798962
969958
220927
145737
258574
498922
187953
424841
694073
736400
755222
303366
263438
620888
978697
327326
400145
954635
474045
763925
51376
857532
116743
111907
922115
437581
246207
227218
515277
323173
159057
947720
468815
493390
619767
930202
966305
225484
176628
166475
508705
99980
972801
607763
603672
307362
427173
120339
201964
867801
573865
43357
44261
65215
320940
750409
183172
822573
536614
383215
651831
431589
41684
913084
642817
141744
351310
539670
214503
257547
848455
698910
961461
348636
291075
964078
946766
270163
572754
170651
601056
503934
598181
724039
35188
427737
512419
688020
997387
758149
183886
727856
847144
453252
467801
970860
441469
934465
718161
385023
153627
556682
145660
850612
12746
866448
126300
141792
349276
404777
927804
810990
880538
966738
741067
27597
405994
747824
407977
93889
426351
680046
116719
467689
322294
343547
657015
871881
807266
938094
274841
963788
684307
486296
886580
953725
41100
658505
440128
302319
668020
251359
329820
815615
737386
160071
392785
744619
843928
643225
148275
962384
326793
320535
878711
232690
268101
19591
71938
291241
431321
199620
636263
574969
610161
432228
980134
633360
480693
336295
604943
77245
652716
317317
31484
809986
222182
145217
546533
857278
777133
477027
378911
202129
468239
163124
729059
92985
688605
367441
754531
340680
393600
843032
461365
273642
152239
264009
887804
855039
974741
245981
772951
594229
96082
985026
531610
119578
138441
954403
308794
98961
291249
782954
491637
661703
361796
627363
490086
531921
386687
154490
688370
829385
620250
485448
959036
643544
877561
567904
717722
629518
450438
6020
201619
553594
462431
725328
933801
184280
261492
970817
513015
932148
893109
742267
674540
670632
682640
795840
161557
117934
469232
106216
711149
186216
515641
671892
951213
422592
929762
139939
822790
771028
360497
99529
605963
119967
688383
551524
948271
481503
694918
109646
481143
398226
20890
538881
135895
396402
620226
69107
100337
71339
332285
400764
10055
645209
427441
499395
152621
248260
525735
680226
678275
990162
422557
824373
321848
883549
437294
232008
153154
496130
998309
574952
337643
741771
209599
351339
235412
466640
986616
382628
987149
92011
309127
413316
558964
195248
788095
139417
303595
48934
391836
950018
857232
475017
401459
871438
153056
803080
351486
664670
450608
487535
850215
689480
919236
360528
534393
673900
843966
415999
521444
874369
906847
72105
204275
759176
82050
524530
371119
161000
229748
381575
220189
693939
14283
354719
447204
35169
219884
389766
33869
957824
762818
212481
199662
333110
603495
333470
554561
989249
109669
472123
405452
243870
259892
720187
436393
988368
883804
243503
938134
208960
641502
414784
62113
221914
237858
926541
987684
855497
733714
366457
45235
902667
762364
445449
719173
324151
493917
65757
476708
45143
375199
714332
455967
943573
17356
965888
71524
50081
558421
651369
259172
804460
261332
517425
683006
63316
942502
286354
57244
42068
711274
777610
356778
441332
822191
171508
497976
142749
209568
93879
417375
414717
293984
990192
710215
261230
830152
66087
334248
429936
69507
381711
991999
648003
763516
541247
177214
467752
315143
354114
228289
687968
370062
868687
438183
736928
748377
262846
442469
832171
412145
806742
922109
100315
697144
216574
960737
793078
375037
961025
903722
244209
645378
209441
318629
232002
144540
557158
667970
608883
582745
445792
703829
913923
713791
546033
372530
153154
774968
489120
164133
33311
65961
55121
903034
762737
225117
553052
903760
696756
423216
579725
309259
230401
525381
388811
531166
256785
764676
683894
223131
741968
269233
670223
467166
509500
192876
128097
467487
471713
83565
299346
68707
56754
883971
598124
712550
585701
205168
531301
100485
684100
304003
200670
794170
301637
36335
383617
348992
509859
853602
384895
235181
959827
600697
698538
901975
886431
737137
958407
966987
865617
229877
163601
852011
778452
849507
630259
217504
161496
557991
15962
682824
51485
283557
773814
23216
67495
851957
167508
196489
669314
372876
604179
830542
967535
668860
659554
547073
893421
796190
125240
940553
733922
165052
136572
743717
466080
508436
379514
497743
490517
119487
205187
655657
992039
779608
748794
397215
638598
944574
355582
702000
231745
140369
352037
918259
245885
197929
875531
419413
322218
24194
524186
406321
401387
69545
321512
578033
773604
179964
774294
844739
16429
680993
252619
521186
88225
742436
67013
935741
41462
840556
2491
223955
927661
237135
453210
471806
215326
408139
490978
711802
640376
193769
870543
270518
617434
368715
188095
512015
594826
328769
812306
750464
463558
800662
36320
273711
531991
930123
309015
303720
651230
872150
540885
11757
958369
271241
616357
961401
354443
369773
30389
682153
952298
620982
358726
754104
882066
973967
145861
237698
521693
293431
47697
523687
500458
954543
196613
211498
522949
337987
476486
737440
53081
823583
467461
555977
436804
33547
573445
491975
244651
57290
6381
486913
356337
70016
970879
931512
52440
830125
361656
629994
136361
726535
9719
966887
20676
896638
314865
654570
886536
132304
585461
57590
133579
235559
359656
850127
389843
383268
303794
276345
880915
9390
581268
275639
170899
275631
987917
680337
988886
956410
572655
390369
587102
206059
185496
899441
229055
878909
986797
166126
872434
940275
209105
749204
144138
148566
435350
742762
966482
501224
720643
101935
886144
795858
968900
5085
533371
857270
142617
905083
431322
242512
291538
430147
852028
455864
843676
148377
559624
742432
261649
123617
827643
758080
83949
895242
645711
83322
82311
395188
823157
483810
428503
981380
520589
558142
729659
728470
961576
160900
563863
605389
404064
97279
384825
410452
783408
646009
247416
393264
372353
477754
816000
632598
33557
958587
427528
211086
362507
296583
137182
996319
638850
557121
646456
78832
638180
328989
15477
700815
607328
628122
353929
509689
278729
990076
869978
366621
283953
899035
812016
361847
153138
272033
725644
417965
408284
103477
932466
129763
331565
309320
170967
573791
245862
596348
43075
126677
716376
318812
310029
255051
841233
159005
754517
454657
775225
363094
331274
712549
237229
517519
744900
700756
239577
877651
61916
509947
234128
525309
290936
811910
689176
569767
902666
335692
873759
889974
322541
635011
554214
622535
826884
536151
987678
736130
23469
358765
148086
361849
621336
337408
6434
539234
205115
733431
307127
233376
473564
588603
64667
819364
793957
687068
605798
675877
88679
100249
473622
47349
295331
613934
984448
671674
963340
725330
418615
267186
151281
855199
958428
657892
782344
295418
103783
21448
478208
652712
181004
763679
55985
759359
377389
102828
701887
830265
391775
807318
135151
546893
32220
861395
807351
293026
204308
800103
328300
954750
91122
353532
608948
186794
104697
785729
831298
137192
287348
50033
167877
874758
766574
303502
859739
995400
552159
567559
3899
953882
181917
279910
16679
932723
651419
42383
460763
902246
882254
490920
920622
690919
524506
257505
820158
97041
288112
716002
741645
808736
451022
999461
545195
31672
162326
494738
330826
41352
957367
869523
223026
868740
281467
399284
439554
801405
956810
922656
198911
199920
166064
809792
462181
315391
497522
307667
902348
116824
612561
395901
593990
819872
415077
370792
245345
89368
826497
765562
318824
785246
788473
861387
355786
331396
240412
362480
289333
883848
175445
38791
712698
340467
488869
268231
655795
642912
512877
268548
257877
835574
930842
716932
786369
192258
418297
295211
610718
529492
343250
229531
55209
950740
529383
355729
817492
548764
144664
410400
841615
680652
685406
850550
189429
197876
869548
174156
991230
810706
119795
915607
885744
577922
846577
845641
783696
618237
510717
99971
936473
73225
936858
228544
470065
875417
817824
735330
128874
955709
748413
496525
486527
241526
684212
11238
345814
113697
511168
388846
602414
137037
667153
173124
553854
698008
600365
435763
785327
540718
844116
499030
403386
798494
701822
435006
540308
500753
322691
618677
318935
346822
284542
1034
763291
603832
789972
218561
451320
768664
264711
692889
965066
566868
238404
152180
693764
305010
931763
560541
995043
642095
893735
340627
359651
906760
976904
283164
666121
887449
570586
338665
912373
837704
785180
111273
321739
376683
472561
889147
240706
864571
213575
954035
134960
236847
61531
282228
425030
977934
305213
947808
147229
181045
801127
466940
18465
152985
800406
441982
600950
294347
954639
10276
780372
264208
852660
559784
215614
898566
533119
54540
165697
134489
880253
553168
120178
460316
143900
53267
172003
507180
542513
866531
767397
173103
528062
243076
236763
690113
253403
883850
936932
964983
934986
872692
834949
439669
844237
408703
148690
422914
949710
269973
773050
291042
459519
950012
278246
544093
651309
501843
95244
271913
33429
971856
735107
352047
205801
776411
936498
688185
516739
523766
590851
295825
460539
797235
1802
481951
770158
504565
899635
780911
708816
953702
515595
48007
681552
777127
648484
435338
260389
314034
856233
371924
489891
922012
630735
574152
75865
153076
385696
795945
519547
182404
915876
350418
851260
365321
217140
218963
788072
109686
909015
44332
259791
643944
311989
801430
565402
574937
22391
678519
30523
116954
768481
993514
272564
576221
189664
439502
403582
268375
656167
173106
303544
392213
791906
35306
77667
947033
496107
802642
949361
511488
833257
951016
918818
502925
123127
882290
902326
436321
947469
709538
571928
860987
784501
114170
337460
18976
264356
269850
252985
294475
156146
545963
988568
107748
17954
233980
183687
672944
653074
296159
242036
924702
576435
375753
930486
753991
475216
508819
35561
215274
399632
159695
376742
911334
761549
960537
246836
208589
954479
994156
230542
118983
427740
577161
796469
878036
109749
975120
745035
624216
93030
854678
528474
414277
634530
243226
141804
562164
470697
675908
30695
510029
182193
814629
936214
451486
127982
887565
681546
480585
394606
581024
239283
790249
223303
118928
399085
990448
357168
755493
192308
736570
363864
974842
569035
570270
159537
594218
224229
150938
168607
801328
718615
774274
341082
974510
404475
916235
225498
776116
701550
658548
613331
228245
521965
367681
550545
606484
547620
995047
627542
217822
944035
50235
566594
228011
402931
706132
252840
474015
303480
518809
276525
991486
451189
833601
150746
802223
769685
383791
589215
796541
427244
909861
108556
826951
994257
318216
695161
376605
352754
951390
646274
956160
620247
845085
753515
356522
540610
743936
84200
602514
356928
60853
744467
195956
585068
813111
67300
363576
982558
316365
793111
717722
8485
512828
793329
850453
560437
244114
39392
592652
433726
614791
627764
485778
982410
786273
884869
379281
662097
165844
931494
252059
11990
777701
911097
247652
668661
378164
620750
293139
349431
507385
485499
513154
685092
225316
551642
954989
358838
116683
67353
451145
793387
481713
505420
731879
883408
672805
639369
625562
253798
360889
396047
466412
643478
352061
993015
798349
232139
842673
571817
375066
174253
54895
920742
276566
522088
613035
346112
861274
979449
323844
72643
209673
330524
439941
84230
652220
91471
275053
672029
281599
686436
474660
255504
787555
629150
728461
186865
70
383443
686935
670530
110815
370988
734926
38764
429134
186092
691129
906904
968914
197633
758544
974566
47928
219965
831731
164608
809014
148927
410360
337122
959867
770254
204446
643467
56341
622909
866988
288340
975803
989726
184555
329990
223003
17117
347615
163374
213036
722385
515673
987422
825095
30235
19036
158748
649800
801793
217019
998625
269468
22961
972335
937428
547005
376911
859982
338448
957340
875241
539601
825017
677221
588878
583912
904649
395804
93572
666533
830968
616327
677900
714755
669995
18283
352750
488891
326509
782614
669080
13288
619104
301750
518414
903258
683609
483367
914545
597403
739518
831035
139362
48212
30887
351663
691727
553269
516549
14928
839823
200790
76538
878559
335899
619025
174058
358967
354947
51696
4612
860697
48052
343686
580669
234402
641580
823763
376735
261647
660540
233608
205728
535184
111059
886513
110721
237823
316688
240318
910364
767017
254405
802308
369959
272288
583167
190331
669298
826482
198542
700980
658865
801511
170847
273444
381259
709020
281394
179896
653567
327843
109478
658481
269572
904977
368355
723611
159535
925261
616759
948942
738198
458700
745497
515687
216897
720427
608277
516558
727595
509197
124773
724270
259255
979269
451174
622549
160431
660339
301645
643072
172223
939810
865747
676726
503333
561021
926350
758541
89568
280508
541063
780154
999286
123504
948462
336695
563715
582397
472678
901440
26204
837682
809034
209904
509944
104462
534719
163636
466605
861421
688131
518681
229412
188272
486025
228722
528210
159926
210860
287326
609927
834487
776426
216046
396501
748223
204182
949674
213414
90395
8357
86066
241652
92805
964047
900763
873097
988056
352591
994324
24001
781016
694376
48094
378803
686088
927226
92300
277714
731192
786319
431909
273793
410860
874626
637882
202281
685583
764676
201330
95871
718070
990197
640888
783386
136056
807606
310367
673702
447642
646922
193622
682148
42687
535925
901444
776767
940610
564266
762696
971770
909641
321956
537025
122071
615145
568471
991937
651275
375352
456214
675641
146746
372780
311820
216024
891388
359165
709333
14847
876710
424647
847660
240419
684893
239229
994182
526455
948576
990141
251064
340234
558640
271791
733980
644978
645010
696332
121121
595727
832183
670170
784525
865266
298411
654183
387940
32520
605319
529915
686672
523873
446583
816383
515721
367824
240786
849915
218765
830463
968920
839897
566991
445203
744985
10007
154935
179441
661502
659265
374139
301222
339347
992068
824774
759936
666384
935227
862759
140927
581880
573113
490471
761930
62333
144653
668167
856035
110967
178411
283818
452415
507626
92657
593200
666110
452322
195838
177153
122591
199660
258947
616894
972401
845109
307079
914635
395100
958416
827895
701682
577801
422608
274613
462237
844414
867506
805327
745282
566374
524786
747273
913053
882595
116251
290775
187875
844412
291963
856303
533819
880593
60149
292904
218241
17495
3780
375387
449054
564873
801967
119060
953631
60707
651298
654570
88755
726420
468079
253034
273129
388635
523058
509134
624377
946400
611980
633247
363478
380155
872446
457295
354248
380261
183411
1766
20187
915031
370856
640801
935225
398471
164259
965482
147073
106767
563656
480872
506735
40932
119359
88850
547467
646053
574325
761672
175191
37145
6054
366252
597816
640774
735510
658718
504676
513533
541277
284536
863954
612392
618180
658946
100217
850120
648533
376434
23200
690891
910174
749383
30323
873109
908942
724654
178943
703864
22482
799448
51449
973103
990227
580420
662717
529730
359726
577148
717133
477761
161354
339527
750096
703831
941347
60627
448630
969813
802007
77615
972885
821603
692204
765498
6168
901064
217171
471936
197232
607506
305954
503094
728892
683262
531837
765666
576189
475441
954669
861777
600610
312723
359668
90418
862472
737983
751685
648387
443354
801079
416064
503621
469820
133207
430903
748548
110103
971098
68941
309695
750082
528216
994083
987352
962807
199480
984506
790941
676961
207192
964222
781178
956109
817649
592881
342866
150154
930418
20381
701894
806987
443158
613282
303978
168473
766658
424604
538215
222212
649993
12036
411724
685262
261608
167969
314390
267221
229129
609184
607680
310443
708263
98569
688308
921024
774075
653201
663659
828986
679486
836470
245061
161315
972517
584103
692655
142863
367960
69690
647118
169789
65563
77637
757198
620719
586349
92246
145714
680071
810951
689784
829441
998617
472527
190156
442884
349048
905591
772996
927431
726816
321997
153293
445607
812795
446352
294484
545634
360650
185017
15396
788351
624735
769165
266494
809094
22149
850090
727922
503204
661598
940895
993081
559351
307412
235744
45477
103896
558420
884389
624221
431753
171397
300677
321164
766824
627518
695682
220739
156323
457311
770464
6033
928526
108318
439302
409198
434735
132720
61684
242034
249809
246095
331006
975667
965595
918430
10479
452125
379203
261374
297712
908081
79312
226353
443263
830452
818992
250618
578798
563342
814915
787644
656999
827089
403120
290139
270942
623112
411890
626343
924445
768862
290107
639700
95569
256085
471132
444385
411736
888870
88567
456765
104810
593523
175617
793748
439238
448613
964482
76303
884415
53854
406838
838588
60273
66025
922135
354599
657078
149730
647805
318646
918030
504279
586824
954180
799320
468147
551571
325208
700082
731470
492579
127668
628904
431623
878021
986984
321479
535788
952632
936837
640486
272664
776750
805284
819360
158186
6605
780486
961805
453800
800702
548352
832398
500862
910575
62093
658253
739855
286390
290772
472358
627127
241950
318123
27983
412435
943118
775911
526949
21361
822638
753581
418389
553034
24884
121298
379854
8406
685991
62813
218065
383343
569281
937843
414509
45091
772942
409791
559649
685202
690298
428103
245660
847895
477216
136300
49494
307734
648209
643117
567545
410952
18942
77145
912035
179912
527749
495439
867475
971242
593059
374438
414322
321607
792598
574671
137594
475301
626988
129897
624228
474333
762601
559832
521832
277209
545379
422900
886516
219041
121928
292312
304619
993896
967298
276968
173321
671495
599832
699475
504267
79479
44668
817302
962728
815891
195499
809643
741455
659053
766655
556241
939389
387174
716407
31587
477467
82573
164695
351483
438644
49714
453768
147999
258974
142527
491241
641767
988304
936291
595674
931887
890383
762019
607930
140187
4974
250909
429329
932543
148291
321283
41185
986983
63641
371491
503983
785554
376442
57776
975333
957540
900979
143342
702967
57099
295500
215762
765194
892518
148840
563222
547012
690462
646807
140561
244536
401645
75690
5608
206861
14385
139781
373449
147605
204523
21019
308057
64254
933739
377702
114623
12993
162215
514993
513713
343800
511029
336703
321519
470419
358784
204475
411319
781711
450962
689155
32450
219137
523796
317763
607525
643243
605427
561480
261283
748599
442154
781933
155408
934477
651872
858144
531834
277883
842472
395918
632620
77487
508531
756769
634841
747135
130633
10985
35122
302423
211039
710259
434084
119979
69909
282175
123629
833459
141163
635808
358629
965990
684531
694469
783065
892577
878554
499764
204691
499958
815703
994866
191535
843427
869453
357392
472984
951425
467667
779248
593822
518146
955755
42354
618527
242455
727123
951064
948452
434973
754797
591654
701989
71126
709042
317083
750366
125821
110715
704287
993265
623406
217287
174888
75759
279260
148381
497905
660630
898904
380749
263412
126601
335193
616477
283313
303168
606520
949910
583916
478462
796194
754151
418696
532201
416442
771069
390495
661954
633985
605926
952132
542601
185369
393095
814060
742204
248046
934174
672808
680817
793013
934106
935029
91686
985388
176001
113745
399631
372266
937628
772307
358736
692602
153058
919254
423122
546713
177675
556493
372958
970914
114332
445269
345406
455599
256775
177925
892411
289941
938989
203328
612864
322808
707148
781971
317363
115816
439856
643213
535146
951786
243457
846076
697166
765090
541500
229816
37852
805107
617911
945752
147476
380062
18366
840569
190350
720855
542080
309272
446884
313703
57829
548057
316029
342033
395907
350539
134179
414166
546468
574548
380792
92438
78430
429740
266762
552185
493189
396961
459546
326072
323037
941550
550093
995330
46262
506065
158947
705869
195147
546105
308501
455869
49366
598241
466730
308084
558069
319590
886440
123785
188768
454109
52782
948637
595514
646951
541201
514717
597272
511876
515983
85982
653825
800221
881315
595391
563808
688201
402546
125224
79916
719673
733000
975344
52939
617566
954822
347910
99274
898459
876267
200046
47118
140653
535863
383349
299738
636143
779491
972405
706143
629700
520356
151657
325798
62359
189522
427611
510674
285790
127199
502001
784614
700489
688481
984385
580675
441712
765731
193475
143738
293227
935197
649240
77740
953159
374674
9429
378416
757677
329654
315637
514977
198021
381653
450718
132433
431403
783959
92643
196619
783958
853052
175457
121177
300250
8057
335884
683463
365774
859017
598600
172187
623907
760767
603931
715522
678036
985143
483970
37101
341814
892557
428494
759606
88510
343364
12561
521186
51061
4719
794493
91093
835124
842279
784473
17896
334290
648681
376325
964526
54225
285133
343227
798300
23788
394391
539565
812376
650561
429608
338340
469089
208662
407541
289270
670279
348494
523505
774473
663298
585472
982160
243323
693778
428817
691622
964925
173405
95574
301866
421260
918404
577470
19660
942075
196041
949434
877569
918289
344610
879042
837294
723910
588908
996783
108478
690397
100156
841055
814940
405657
987682
677487
470313
603516
82589
467653
340155
239506
762042
969644
473667
950236
526725
766112
22023
55953
786551
35853
246109
937205
650339
118029
101246
580656
4739
6868
245533
464831
561812
3095
530019
502391
148377
232275
671667
946347
782852
973905
825796
184670
840653
469706
719416
850975
199248
332313
226570
466219
182605
748969
791109
849448
567671
544460
47322
717759
582571
702129
205460
907844
301144
263211
835967
255900
116082
831328
791871
150254
857879
858619
805936
860134
789635
835000
555764
347733
876082
94228
337670
249761
424654
544293
351842
652192
550373
13179
682941
565417
525923
815631
345070
237132
321421
258860
984018
253824
41969
806219
579837
518098
735424
994657
333324
787471
108543
821176
504794
391865
967006
570114
746846
127553
936546
748030
10299
485771
624873
277299
51746
907624
590753
935752
525351
520139
404000
409079
793326
287872
50613
639852
348846
695473
313276
870820
214833
186659
962666
199436
146827
719202
965650
763484
967389
649463
846491
264663
755712
325243
123157
787092
530809
535506
463129
384186
153398
880705
472048
278990
945090
967182
176326
882026
72526
40786
393489
985484
14828
139929
979445
478904
715005
464575
88168
761216
453558
574946
401946
460641
713895
529867
343570
379807
3069
698559
849602
991233
385969
488957
993462
88964
145932
714833
913790
862218
457062
404840
326033
413283
18733
129124
50756
536610
419310
256965
925774
843553
818075
866761
59957
83604
796976
296622
538428
32472
613177
358033
516533
314331
892137
90526
185690
523268
143264
709248
689097
472109
380188
634644
525952
673155
690663
127457
142219
796630
264079
819816
132876
264072
909186
676102
391803
847938
851444
306181
929984
857926
837733
122810
842789
168502
915791
586170
943369
372418
984912
248807
481066
364788
788296
200503
811366
503655
720898
913698
326332
11202
302333
429313
304201
523499
775058
479652
932597
804250
425240
381106
146510
934827
348781
996202
799508
361552
143221
478090
354562
440410
991416
255863
101184
772054
125542
489429
662173
595959
845872
822616
71865
556737
354878
385766
423889
59017
331571
20339
320463
121117
333213
603119
797942
110170
954262
19511
290164
604325
336921
686927
749302
624789
688128
930199
126835
703927
285577
424124
512257
381366
118100
247989
518419
294171
174121
983745
1369
286538
767440
221726
242532
809400
934476
981464
332992
589004
368958
810600
212752
543545
614527
357755
43511
379763
308377
124081
84726
455233
34492
265581
511573
358864
668765
314199
993962
675148
778636
441542
163108
676644
892026
708864
390825
22139
772374
269240
351399
996401
177870
134872
400765
550443
852056
499775
985446
889889
504971
477936
318948
853460
269277
647278
160149
244380
718603
995927
326
382991
931530
73661
689731
235209
802269
511527
402436
772873
605126
802478
42987
91644
89517
432513
278023
98232
686837
259859
434786
45570
505755
575058
314670
395187
803425
246674
582032
201210
178472
39045
729367
267112
945724
906624
943171
968195
576860
492365
259693
25001
656010
396572
832364
792467
634623
596020
910093
25977
990977
6235
776618
722447
146536
465431
940368
823765
653989
563503
348939
29330
512372
509243
210104
143561
60494
403619
922865
476226
631132
254351
999129
409725
23874
665869
124097
151056
462888
258259
219016
650428
223948
190844
655574
948203
32033
465595
390083
983174
657670
591689
911251
50022
997218
67062
631323
567186
514821
759595
724551
744954
92947
326533
937888
244144
995029
546913
726403
302040
462450
308476
107496
995258
913592
87033
408759
233870
740198
388230
102584
780731
15436
771982
723814
273007
973415
831059
358038
835193
622725
340482
787394
134165
239914
929291
557946
968981
807534
320589
656432
638900
321515
735030
455458
838304
737900
270966
755606
690666
294094
367570
798037
554410
743905
128846
289306
157029
451623
914797
751270
295583
454632
944139
852218
438360
374352
942192
38668
759160
339125
978398
502543
182589
51594
523382
791298
490355
860789
836976
209024
118198
665472
583590
148143
342624
956677
724699
651442
552817
448311
144877
993719
352055
224314
700465
947352
972843
601643
249027
52502
325913
769174
838964
635343
491052
992568
295114
545527
701699
708370
18479
951432
722516
142193
735653
521630
756689
554547
693280
720939
902622
433684
847191
88198
724280
685278
778846
850606
200678
74721
398690
104009
722072
1002
588944
575481
629642
611268
599363
459373
81285
407675
708348
426938
931859
69121
672282
646181
555168
846973
290698
154462
87532
900908
439514
419523
836150
835787
370529
273732
266541
298234
642843
44785
834587
238512
770913
453700
957076
909977
961922
107227
835698
468693
55781
73197
517146
300837
304292
439470
10232
310507
622078
762399
105113
44176
65290
457501
476167
810240
929730
801667
873177
827561
254575
409676
214237
72329
788578
50656
194705
673564
167717
211543
278385
144303
690373
757426
567025
786156
309073
230009
693369
898026
740083
500517
894437
290251
970058
413065
587517
220957
719774
867081
432926
293928
888279
695809
989959
504775
561768
957931
337207
927227
716226
250673
431581
202654
454804
406371
836758
270649
370037
195086
322437
468097
242360
812522
328352
908275
168164
634385
44814
316195
15389
416520
763559
619678
522078
234293
807514
822100
743341
369496
342145
623979
939151
943839
785976
14820
722392
611521
149923
721466
865959
801258
398461
47852
706643
586083
158935
719764
683485
969273
610221
357280
193711
56904
629330
907549
28630
198617
423324
644256
752487
758276
23518
804379
697818
178495
532842
339910
612807
169106
817648
774258
775687
279354
128633
874212
529174
936042
84864
617798
129341
40766
683309
234983
872067
512552
24210
127470
627815
409649
533593
701406
921461
371868
941687
938863
959739
253078
648276
348699
683971
163592
874474
200405
158425
716873
767979
86476
261910
403182
377456
132910
308939
266805
712909
910774
983171
197947
130918
741743
507090
38999
620813
818267
136373
