70
213
326
454
628
714
828
913
937
1002
1034
1064
1120
1212
1264
1316
1369
1514
1667
1766
1802
1909
2120
2491
2611
2775
3029
3069
3095
3125
3376
3501
3627
3683
3780
3899
4126
4272
4311
4493
4612
4719
4739
4787
4787
4974
4976
5085
5148
5273
5345
5584
5608
5856
5882
5934
5963
6020
6033
6054
6168
6235
6337
6381
6434
6605
6768
6828
6868
7002
7308
7476
7482
7519
7920
8057
8275
8357
8370
8406
8485
8770
8805
8908
9020
9021
9123
9288
9347
9390
9429
9444
9473
9515
9638
9719
9780
9893
10007
10055
10089
10115
10186
10232
10276
10299
10339
10479
10660
10737
10872
10976
10985
11066
11114
11202
11238
11397
11757
11825
11969
11990
12036
12076
12194
12335
12436
12561
12601
12746
12993
13079
13101
13103
13179
13288
13472
13499
13597
13844
13879
14057
14193
14283
14316
14385
14530
14606
14676
14820
14828
14847
14928
15355
15389
15396
15396
15411
15436
15443
15477
15501
15532
15631
15890
15908
15962
16117
16176
16429
16495
16679
16827
16845
16923
17020
17117
17137
17314
17356
17381
17441
17495
17896
17954
18283
18366
18465
18479
18733
18940
18942
18976
19036
19084
19511
19578
19591
19660
19660
19973
20002
20007
20022
20175
20187
20293
20339
20381
20676
20771
20890
20954
21013
21019
21028
21192
21283
21361
21448
21686
21703
21740
21820
21922
22023
22027
22053
22055
22090
22139
22149
22391
22482
22520
22637
22680
22749
22760
22824
22880
22961
22970
23200
23216
23230
23242
23305
23420
23469
23518
23661
23788
23874
23973
23995
24001
24194
24210
24279
24393
24464
24468
24734
24860
24884
24916
24921
25001
25085
25230
25277
25735
25777
25977
26109
26204
26290
26495
26591
26743
27055
27185
27391
27582
27597
27679
27983
28014
28015
28043
28052
28163
28272
28616
28630
28716
29330
29566
29616
29721
29915
30235
30323
30389
30454
30523
30695
30736
30887
30918
30990
31066
31150
31484
31550
31587
31672
31870
32033
32087
32220
32243
32366
32450
32454
32472
32520
32722
33021
33074
33248
33282
33307
33311
33376
33429
33516
33525
33528
33547
33557
33808
33869
33956
34081
34435
34492
34980
35033
35122
35169
35188
35306
35561
35604
35667
35724
35803
35813
35853
35883
35931
35934
36017
36096
36238
36296
36320
36335
36439
36590
37101
37145
37319
37364
37470
37508
37823
37852
38146
38152
38166
38356
38381
38529
38668
38673
38764
38791
38883
38999
39015
39045
39377
39392
39660
39706
39903
39931
39942
40313
40746
40766
40786
40847
40932
40942
41030
41057
41100
41185
41352
41462
41465
41543
41563
41684
41969
42038
42068
42290
42354
42383
42475
42597
42687
42951
42987
43075
43091
43274
43357
43438
43511
43533
43662
44047
44174
44176
44222
44261
44271
44332
44460
44668
44785
44814
44982
45031
45091
45143
45235
45236
45277
45452
45469
45477
45514
45525
45526
45570
45821
46181
46262
46407
46556
46743
47110
47118
47188
47322
47349
47533
47535
47605
47697
47698
47787
47823
47831
47852
47868
47928
48007
48052
48094
48212
48304
48691
48934
49073
49093
49154
49325
49366
49379
49494
49613
49714
49797
49885
49998
50022
50033
50081
50235
50613
50656
50754
50756
50769
51061
51090
51273
51373
51376
51449
51485
51594
51696
51746
51757
51785
52288
52440
52502
52782
52939
52995
53066
53081
53230
53267
53371
53814
53854
53939
54225
54261
54364
54540
54620
54836
54895
54950
54988
55121
55209
55246
55392
55418
55433
55612
55672
55700
55709
55781
55913
55953
55985
56120
56176
56341
56409
56474
56644
56700
56731
56754
56840
56904
57045
57080
57090
57099
57192
57244
57290
57342
57535
57590
57625
57776
57777
57829
57839
57933
57964
57989
58057
58157
59017
59110
59447
59504
59722
59761
59885
59957
60149
60273
60452
60494
60627
60692
60707
60820
60853
60935
60971
61070
61103
61114
61531
61657
61677
61684
61766
61844
61916
62093
62113
62115
62266
62333
62359
62474
62533
62740
62813
63025
63101
63291
63316
63435
63444
63573
63589
63641
63909
64217
64228
64254
64285
64289
64413
64517
64524
64630
64667
64972
65139
65215
65290
65320
65563
65757
65827
65961
65972
66025
66087
66188
66303
66694
66883
66986
67013
67062
67290
67300
67353
67495
67544
67567
67809
67843
68501
68505
68560
68676
68707
68762
68780
68800
68941
69107
69121
69253
69314
69430
69489
69507
69545
69619
69690
69757
69802
69811
69909
69963
70016
70267
70312
70668
70706
70743
70950
71126
71339
71524
71865
71938
72105
72254
72329
72334
72451
72526
72602
72643
72745
72897
72902
73120
73185
73197
73225
73250
73251
73386
73539
73661
73723
73795
73832
74093
74268
74319
74412
74527
74634
74640
74721
74854
74881
75061
75365
75416
75530
75580
75596
75631
75690
75759
75776
75865
75959
75973
75982
76136
76303
76538
76650
76650
76978
77061
77065
77080
77145
77163
77245
77266
77312
77338
77487
77572
77615
77637
77667
77740
78001
78020
78125
78141
78232
78248
78292
78430
78621
78832
78840
78911
78940
79000
79000
79054
79195
79237
79264
79312
79479
79713
79747
79916
80028
80038
80339
80410
80575
80664
80694
80894
80991
81094
81256
81285
81331
81412
81555
81608
81788
81834
81991
82050
82193
82295
82311
82573
82589
82723
82802
82970
82998
83057
83072
83306
83322
83344
83565
83604
83720
83949
84200
84230
84259
84515
84726
84864
84991
85093
85286
85445
85567
85609
85764
85982
86027
86066
86155
86476
86517
86910
86926
86937
87033
87239
87317
87532
87593
87724
88168
88198
88225
88302
88370
88436
88471
88510
88567
88671
88679
88755
88840
88850
88940
88964
89118
89156
89277
89331
89368
89455
89517
89568
89781
89784
89936
90039
90309
90395
90418
90526
90579
90589
90687
90701
90711
90766
90797
90858
90882
90938
91093
91122
91147
91198
91209
91274
91471
91555
91598
91644
91686
91796
91951
92011
92168
92246
92298
92300
92300
92438
92486
92643
92657
92734
92759
92760
92778
92798
92805
92943
92947
92985
93030
93213
93447
93512
93572
93699
93879
93889
94168
94228
94246
94246
94317
94362
94379
94453
94569
94678
94927
94966
94975
95244
95289
95383
95503
95569
95574
95770
95871
95940
96082
96356
96380
96598
96724
96881
97012
97041
97042
97279
97569
98153
98232
98337
98569
98823
98961
99274
99529
99952
99971
99980
100098
100156
100217
100249
100315
100337
100365
100400
100453
100485
100497
100711
100870
100911
100963
101021
101184
101195
101231
101245
101246
101292
101312
101701
101727
101810
101935
101940
102016
102102
102135
102315
102511
102513
102584
102607
102646
102740
102744
102799
102828
102879
103052
103055
103128
103230
103309
103469
103477
103783
103896
104009
104350
104462
104478
104480
104697
104756
104768
104810
104867
105113
105369
105541
105593
105593
105853
105855
105939
106078
106216
106401
106510
106767
106782
107122
107155
107227
107490
107496
107654
107680
107748
108078
108318
108428
108478
108543
108556
108762
108786
108823
108881
109132
109327
109478
109534
109552
109646
109669
109686
109724
109749
110058
110103
110121
110135
110139
110170
110405
110594
110644
110715
110721
110815
110840
110967
111048
111059
111265
111273
111679
111716
111823
111907
112169
112258
112345
112429
113228
113275
113540
113578
113697
113745
113798
114170
114332
114457
114506
114554
114555
114574
114623
114785
114985
115080
115323
115443
115578
115816
116024
116082
116222
116223
116251
116392
116439
116525
116593
116683
116719
116743
116824
116954
116955
117086
117254
117407
117593
117669
117792
117934
118029
118100
118127
118198
118244
118266
118325
118363
118928
118968
118983
119003
119060
119200
119304
119359
119402
119487
119578
119795
119838
119880
119967
119979
120172
120178
120339
120360
120362
120617
120683
120859
120922
121117
121121
121177
121182
121273
121298
121389
121417
121497
121527
121698
121928
122071
122143
122406
122566
122591
122810
123081
123127
123157
123213
123504
123617
123629
123780
123785
123824
124021
124081
124097
124220
124392
124551
124562
124705
124773
125002
125224
125240
125360
125542
125644
125702
125727
125821
125990
126075
126118
126171
126213
126264
126300
126534
126601
126675
126677
126835
127082
127099
127199
127422
127457
127470
127553
127668
127820
127982
128097
128155
128191
128590
128633
128759
128759
128846
128874
129105
129124
129136
129341
129588
129645
129763
129824
129897
130050
130308
130380
130538
130633
130918
130976
131088
131447
131471
131507
131655
131734
131959
132304
132433
132511
132720
132876
132910
133160
133207
133265
133352
133354
133382
133579
133693
133703
133865
134084
134145
134165
134179
134489
134549
134671
134872
134924
134960
135050
135068
135134
135151
135493
135635
135698
135772
135847
135895
136056
136100
136109
136274
136300
136361
136373
136459
136511
136530
136572
136661
136666
136808
136909
137037
137157
137182
137192
137314
137594
137609
137763
137778
137783
138080
138328
138383
138441
138870
138893
138960
138984
139240
139296
139362
139365
139417
139430
139464
139728
139781
139929
139939
140187
140193
140259
140369
140398
140561
140599
140612
140653
140692
140927
141163
141255
141557
141744
141792
141804
141902
142193
142212
142219
142313
142527
142617
142749
142752
142863
143083
143207
143221
143238
143242
143264
143274
143342
143561
143629
143738
143900
144087
144138
144156
144303
144385
144525
144529
144540
144561
144653
144664
144668
144731
144877
144962
144963
145043
145124
145215
145217
145660
145714
145737
145745
145783
145861
145932
146005
146116
146405
146446
146510
146536
146680
146681
146746
146827
146930
147073
147229
147352
147449
147476
147605
147709
147995
147999
148004
148086
148143
148275
148291
148373
148377
148377
148381
148566
148690
148721
148840
148845
148927
148939
149011
149043
149155
149384
149395
149584
149639
149640
149730
149733
149923
150075
150132
150154
150203
150253
150254
150300
150316
150716
150746
150938
151056
151169
151281
151326
151335
151437
151500
151567
151657
151778
151801
151813
151817
151840
151894
152005
152100
152161
152180
152239
152373
152621
152734
152833
152968
152985
153030
153056
153058
153076
153138
153151
153154
153154
153200
153293
153398
153627
153747
153933
154042
154125
154377
154442
154462
154488
154490
154507
154722
154786
154877
154935
154965
155283
155408
155438
155729
155799
155854
156027
156146
156277
156323
156324
156637
156699
156722
156810
156868
156918
157029
157135
157198
157331
157563
157740
157814
158186
158200
158425
158596
158730
158748
158935
158947
159005
159033
159057
159092
159206
159340
159535
159537
159695
159914
159926
160071
160122
160122
160149
160431
160469
160501
160503
160592
160608
160756
160780
160813
160900
160982
160998
161000
161315
161354
161496
161498
161537
161557
161944
162005
162009
162215
162283
162326
162401
162446
162579
162596
162688
162700
162915
163108
163124
163183
163374
163553
163592
163601
163636
163710
164016
164079
164133
164196
164259
164282
164349
164354
164572
164574
164608
164615
164667
164694
164695
164784
165052
165225
165583
165609
165697
165758
165805
165842
165844
165884
165955
165960
166064
166126
166218
166265
166322
166419
166475
166560
166602
166622
166795
166993
167003
167097
167508
167516
167540
167668
167670
167676
167711
167717
167797
167877
167887
167969
168009
168164
168195
168473
168502
168607
168648
168809
169106
169232
169437
169654
169705
169789
169993
170020
170288
170310
170347
170480
170507
170651
170847
170899
170967
171008
171154
171397
171508
171670
171736
172003
172125
172187
172223
172270
172434
172509
172917
172969
173056
173100
173103
173106
173124
173276
173321
173405
173486
173531
173880
173902
174058
174121
174156
174253
174360
174395
174868
174888
175015
175191
175262
175421
175433
175445
175457
175520
175617
175698
176001
176008
176070
176326
176555
176628
176778
177153
177214
177574
177675
177687
177870
177925
178386
178411
178472
178495
178802
178943
178963
179246
179271
179360
179367
179419
179432
179441
179601
179880
179896
179912
179964
180489
180809
180991
181004
181045
181104
181203
181233
181323
181820
181831
181917
182119
182155
182193
182404
182589
182605
182809
183019
183034
183172
183364
183411
183544
183640
183687
183886
184240
184280
184426
184555
184670
184851
184962
185017
185197
185352
185369
185496
185600
185609
185678
185690
185721
185785
185922
185932
185932
186092
186150
186216
186426
186554
186659
186794
186865
187187
187295
187303
187366
187469
187719
187782
187875
187953
188081
188095
188221
188272
188576
188676
188768
188890
188969
189265
189429
189522
189664
189898
189899
189947
190156
190196
190325
190331
190350
190643
190732
190783
190844
190891
191027
191035
191057
191535
191711
191738
191961
192050
192252
192258
192308
192330
192451
192454
192571
192697
192833
192876
192928
193054
193472
193475
193622
193689
193711
193769
193804
193846
193982
194258
194386
194705
194896
194934
195086
195147
195248
195299
195325
195396
195499
195594
195671
195813
195813
195838
195907
195956
196041
196135
196144
196240
196489
196613
196619
197214
197232
197264
197288
197469
197633
197876
197929
197947
198021
198130
198542
198545
198617
198792
198911
199002
199248
199375
199436
199480
199600
199620
199660
199662
199747
199920
200046
200071
200097
200405
200503
200670
200678
200790
201190
201210
201330
201415
201499
201578
201609
201619
201882
201964
201970
202129
202281
202439
202654
202654
202666
202763
203022
203125
203220
203328
203526
203883
204182
204275
204278
204308
204446
204475
204523
204539
204691
204726
204916
205115
205168
205187
205209
205221
205460
205556
205668
205728
205780
205797
205801
205805
205971
206059
206187
206266
206273
206573
206686
206861
206939
207192
207291
207363
207527
207608
207726
207880
207894
208146
208172
208589
208634
208662
208674
208691
208828
208960
208973
209024
209105
209424
209441
209485
209515
209568
209599
209673
209738
209904
210104
210462
210860
211037
211039
211086
211098
211498
211543
211642
211741
211744
212043
212148
212252
212481
212597
212641
212660
212752
212784
212880
212887
212961
213036
213414
213545
213575
213865
213918
214152
214237
214443
214503
214651
214800
214833
214887
214947
215084
215263
215274
215326
215442
215614
215762
216012
216024
216046
216332
216574
216599
216666
216897
217019
217127
217140
217171
217188
217287
217463
217504
217822
218065
218241
218293
218299
218561
218682
218765
218844
218891
218963
219016
219041
219137
219261
219387
219601
219612
219739
219884
219929
219965
220017
220065
220074
220153
220189
220307
220364
220377
220391
220429
220438
220733
220739
220874
220927
220957
221220
221242
221571
221586
221689
221726
221895
221898
221914
222126
222182
222212
222231
222388
222946
223003
223026
223131
223303
223498
223501
223631
223717
223929
223948
223955
224110
224229
224314
224486
224532
224718
224792
225008
225117
225229
225233
225316
225388
225484
225498
225544
225556
225670
225814
225927
226006
226214
226274
226353
226570
226697
226781
226887
226907
227028
227032
227059
227218
227410
227574
227800
227851
227861
228011
228046
228214
228245
228289
228481
228544
228559
228566
228631
228647
228722
228931
228999
229040
229055
229055
229108
229129
229162
229193
229369
229412
229531
229748
229816
229877
229916
230009
230401
230542
230663
230703
230810
230899
230956
231038
231119
231166
231371
231626
231653
231745
231811
232002
232008
232139
232143
232164
232275
232364
232393
232399
232679
232690
232702
232761
232980
233218
233254
233376
233608
233870
233980
234128
234293
234402
234446
234486
234737
234983
235027
235081
235181
235182
235209
235412
235422
235518
235559
235744
236211
236325
236431
236500
236677
236763
236847
237132
237135
237164
237209
237229
237338
237351
237594
237609
237698
237823
237858
238167
238241
238335
238404
238512
238577
238751
238877
238955
239170
239229
239257
239283
239296
239380
239506
239577
239714
239821
239842
239914
239980
240119
240318
240412
240419
240478
240641
240670
240706
240786
240794
240818
240882
240916
241110
241236
241339
241392
241526
241534
241613
241652
241671
241765
241837
241950
241991
242034
242036
242226
242360
242390
242455
242512
242532
242546
242815
242993
243076
243226
243323
243328
243457
243503
243559
243650
243861
243870
243874
244114
244144
244146
244209
244380
244488
244536
244651
244845
244955
244963
245061
245280
245345
245454
245533
245660
245862
245885
245966
245981
246076
246095
246103
246109
246193
246201
246207
246285
246366
246416
246552
246566
246674
246836
246848
247044
247159
247209
247353
247392
247416
247486
247652
247707
247719
247793
247932
247989
247989
248046
248131
248207
248260
248348
248807
248856
249027
249051
249173
249318
249697
249708
249761
249803
249809
249882
250105
250456
250468
250523
250530
250547
250586
250592
250618
250673
250909
251021
251064
251074
251242
251359
251611
251719
251781
251917
251986
252059
252079
252108
252119
252516
252619
252840
252877
252985
253034
253078
253277
253403
253483
253637
253789
253798
253824
253877
253925
254011
254164
254351
254405
254478
254575
254602
254931
255033
255051
255360
255503
255504
255558
255621
255681
255863
255900
256085
256138
256320
256455
256775
256785
256877
256911
256965
257103
257505
257547
257585
257637
257843
257877
258046
258259
258282
258408
258468
258574
258646
258721
258860
258947
258950
258974
259172
259255
259323
259507
259693
259791
259791
259859
259892
260323
260389
260556
260674
260842
261230
261266
261283
261332
261374
261480
261490
261492
261608
261647
261649
261703
261858
261910
262083
262392
262846
263147
263150
263211
263412
263438
263480
263525
263604
263628
263632
263874
264009
264015
264030
264072
264079
264182
264208
264241
264356
264572
264663
264711
264791
264875
264992
265402
265581
265700
265818
266217
266494
266541
266586
266762
266805
266917
266944
267066
267112
267186
267221
267359
267387
267469
267527
267575
267596
267702
267756
267960
268101
268231
268375
268391
268474
268520
268548
268643
268961
269074
269233
269240
269277
269283
269375
269381
269468
269530
269572
269594
269667
269775
269792
269850
269869
269921
269973
270056
270163
270227
270518
270541
270566
270568
270649
270654
270689
270827
270942
270966
270980
271143
271241
271308
271360
271726
271740
271791
271816
271913
272033
272103
272288
272316
272365
272564
272664
272808
272828
272884
272888
272930
272961
273006
273007
273129
273398
273398
273444
273642
273672
273709
273711
273732
273793
273968
274180
274326
274368
274613
274841
274868
275053
275208
275631
275639
275720
275823
275849
275893
276035
276177
276345
276348
276525
276566
276749
276751
276968
277170
277209
277299
277367
277455
277523
277610
277714
277838
277883
278023
278200
278246
278385
278521
278729
278759
278945
278967
278970
278990
279260
279354
279910
279963
280240
280300
280363
280381
280465
280508
280808
280855
280966
281081
281179
281227
281394
281436
281467
281535
281561
281599
281639
281645
281881
281902
282003
282175
282228
282231
282571
282994
283065
283164
283313
283391
283442
283535
283538
283557
283659
283739
283818
283953
284120
284246
284429
284536
284542
284793
284967
285133
285298
285309
285356
285577
285611
285649
285680
285790
285881
285947
286354
286390
286538
286580
286666
286915
286925
287326
287348
287432
287434
287547
287872
288112
288148
288233
288340
288443
288493
288748
289223
289270
289306
289333
289413
289507
289521
289580
289756
289848
289939
289941
290107
290139
290164
290251
290399
290639
290698
290772
290775
290902
290927
290936
291042
291075
291081
291241
291249
291331
291427
291538
291614
291703
291930
291953
291963
292254
292312
292336
292478
292827
292904
293026
293139
293227
293241
293273
293363
293431
293687
293689
293928
293974
293984
294094
294149
294171
294183
294219
294276
294347
294404
294475
294484
294593
294714
294716
294945
295016
295033
295101
295114
295134
295136
295211
295331
295418
295500
295583
295825
296054
296131
296159
296308
296319
296356
296549
296583
296622
296675
296802
296886
296930
297056
297217
297458
297642
297661
297675
297712
297791
297894
298234
298411
298531
298745
298793
299322
299346
299433
299522
299738
299867
300000
300129
300250
300390
300514
300573
300622
300667
300677
300769
300837
301144
301222
301592
301633
301637
301645
301737
301750
301775
301866
301981
302040
302149
302319
302333
302386
302422
302423
302543
302605
303168
303312
303349
303366
303387
303402
303404
303437
303480
303502
303540
303544
303548
303595
303701
303720
303722
303742
303766
303770
303794
303936
303978
303990
304003
304201
304292
304301
304456
304484
304619
304678
304723
304811
305010
305105
305208
305213
305306
305315
305858
305954
306181
306233
306294
306621
306706
307079
307127
307296
307362
307412
307667
307734
307843
307958
308057
308084
308101
308110
308377
308476
308482
308499
308501
308789
308794
308939
309015
309073
309127
309255
309259
309272
309320
309441
309463
309520
309584
309613
309695
309740
309919
309923
309952
309980
310029
310055
310326
310367
310396
310443
310507
310560
310870
310984
311030
311494
311725
311807
311820
311989
312111
312162
312282
312399
312443
312723
312782
313023
313276
313703
313867
314003
314034
314120
314153
314199
314331
314364
314390
314491
314670
314865
315033
315143
315256
315391
315436
315637
316029
316152
316195
316320
316329
316365
316470
316688
316882
317083
317317
317354
317363
317563
317763
317936
318123
318216
318491
318507
318629
318646
318753
318812
318824
318935
318948
319079
319214
319293
319494
319590
319791
320029
320463
320535
320547
320589
320655
320779
320817
320940
320953
321041
321101
321162
321164
321184
321187
321283
321421
321479
321512
321512
321515
321519
321557
321607
321630
321739
321826
321848
321956
321997
322095
322218
322264
322294
322428
322437
322485
322541
322691
322808
322907
322972
323037
323081
323173
323314
323844
323895
323898
323972
323978
324030
324127
324151
324328
324420
324457
324572
324576
324653
324818
324868
324945
325202
325208
325243
325434
325502
325682
325717
325798
325913
325997
326008
326033
326072
326332
326430
326482
326509
326533
326753
326793
326846
326896
327075
327235
327326
327385
327404
327634
327815
327843
327853
328086
328088
328109
328223
328300
328350
328352
328453
328769
328780
328820
328842
328989
329037
329514
329611
329654
329801
329820
329875
329904
329990
330221
330293
330524
330573
330602
330608
330820
330826
330844
330933
330984
331006
331058
331167
331247
331274
331396
331565
331571
331791
331802
331911
331928
331932
332022
332034
332057
332066
332118
332190
332240
332285
332313
332537
332821
332916
332992
333110
333213
333324
333470
333498
333508
333668
333715
334248
334290
334448
334474
334494
334530
334723
334923
335138
335193
335245
335293
335347
335407
335415
335418
335692
335735
335884
335899
336028
336116
336210
336295
336695
336703
336781
336921
336938
337122
337207
337386
337402
337408
337414
337460
337579
337643
337670
337987
338340
338355
338413
338448
338582
338625
338665
338938
339056
339125
339204
339347
339527
339566
339614
339696
339720
339866
339910
340155
340161
340234
340467
340482
340611
340627
340680
340796
341036
341067
341082
341625
341766
341814
341941
342033
342109
342145
342353
342439
342468
342480
342567
342624
342866
343060
343174
343227
343250
343284
343364
343547
343570
343599
343621
343669
343686
343778
343782
343800
343805
343884
343937
344101
344132
344496
344610
344623
344626
344787
345070
345112
345213
345238
345406
345534
345814
346112
346114
346153
346216
346327
346607
346677
346822
347315
347375
347459
347615
347663
347733
347852
347910
348088
348326
348373
348494
348636
348699
348723
348781
348803
348835
348846
348939
348939
348955
348992
349048
349276
349431
349472
349545
349850
349886
349986
350283
350399
350418
350539
350545
350558
350994
351010
351078
351208
351310
351339
351399
351483
351486
351615
351663
351676
351698
351807
351842
351982
352037
352047
352055
352061
352100
352215
352282
352591
352750
352754
353130
353135
353159
353173
353532
353547
353676
353688
353754
353913
353929
354114
354150
354195
354248
354443
354520
354562
354599
354708
354719
354804
354859
354878
354947
354976
355265
355283
355345
355582
355729
355786
356293
356307
356337
356522
356602
356670
356778
356862
356928
357168
357280
357392
357734
357755
357755
357829
357898
357913
358025
358033
358038
358259
358323
358326
358629
358726
358736
358765
358784
358838
358864
358967
359005
359033
359165
359398
359420
359577
359582
359584
359651
359656
359668
359726
360082
360497
360528
360540
360610
360650
360673
360889
360972
361405
361503
361552
361656
361708
361796
361847
361849
362153
362187
362289
362309
362419
362474
362480
362507
362635
362646
362669
362776
362819
362849
363036
363094
363478
363561
363574
363576
363852
363864
364121
364184
364216
364483
364542
364565
364589
364726
364788
364825
364841
365096
365321
365338
365487
365518
365554
365774
365778
365883
366252
366314
366325
366329
366457
366621
366935
367102
367247
367401
367441
367542
367570
367681
367743
367792
367824
367889
367960
367995
368033
368355
368374
368715
368764
368958
369027
369323
369448
369496
369545
369743
369773
369894
369959
370037
370062
370246
370332
370529
370691
370792
370819
370856
370856
370976
370988
371001
371119
371491
371492
371609
371810
371868
371924
372054
372079
372172
372266
372292
372353
372418
372426
372530
372741
372780
372876
372881
372958
373054
373406
373449
373596
373601
373603
373928
374139
374171
374352
374409
374428
374438
374466
374637
374674
374690
374858
375037
375066
375199
375199
375352
375387
375583
375593
375596
375719
375750
375753
376005
376023
376217
376230
376266
376325
376434
376442
376506
376567
376605
376683
376735
376742
376911
376913
377105
377389
377419
377456
377660
377702
377919
378164
378309
378416
378492
378566
378577
378584
378738
378803
378909
378911
379203
379242
379265
379281
379285
379408
379514
379545
379763
379807
379854
379894
379966
380062
380092
380155
380188
380212
380237
380261
380397
380530
380557
380700
380749
380792
381106
381115
381177
381203
381259
381266
381323
381366
381432
381575
381653
381665
381711
381795
381864
381925
382031
382061
382438
382628
382845
382899
382927
382991
383160
383215
383216
383268
383343
383349
383443
383617
383619
383689
383791
383800
383991
384085
384104
384186
384696
384751
384825
384895
384967
385003
385023
385074
385257
385280
385285
385289
385696
385740
385766
385849
385869
385958
385969
385993
386037
386050
386152
386159
386191
386395
386687
386781
386782
387118
387174
387234
387713
387902
387940
388080
388230
388635
388708
388718
388811
388846
389166
389195
389653
389694
389709
389766
389797
389843
389883
390000
390035
390083
390139
390222
390235
390369
390434
390495
390746
390825
391047
391048
391160
391243
391253
391379
391465
391775
391803
391836
391844
391865
391873
392083
392213
392375
392393
392488
392500
392525
392564
392575
392613
392617
392688
392739
392785
392992
393012
393095
393242
393264
393489
393600
393915
393970
394256
394266
394274
394374
394391
394414
394428
394530
394569
394606
394628
394789
394856
394962
395100
395187
395188
395526
395542
395553
395641
395769
395804
395901
395907
395918
395934
396010
396047
396229
396402
396436
396501
396572
396636
396848
396961
397055
397087
397215
397441
397465
397522
397631
397745
397782
398052
398099
398226
398461
398471
398690
398962
398976
399082
399085
399152
399284
399631
399632
399644
399862
399881
399881
400113
400145
400267
400482
400729
400764
400765
400790
400857
401131
401360
401387
401459
401590
401611
401645
401863
401946
401983
401991
402436
402542
402546
402590
402931
403042
403120
403140
403182
403285
403386
403551
403582
403619
404000
404064
404141
404305
404377
404475
404629
404655
404674
404737
404777
404840
405129
405208
405356
405452
405458
405503
405657
405765
405768
405994
406089
406321
406371
406514
406698
406838
407292
407353
407541
407620
407658
407675
407816
407868
407977
408020
408021
408045
408131
408139
408161
408213
408284
408300
408703
408720
408759
408936
408993
409079
409113
409198
409422
409461
409498
409540
409649
409676
409719
409725
409769
409791
409873
410159
410233
410360
410400
410452
410543
410720
410860
410880
410952
411163
411318
411319
411466
411484
411583
411724
411726
411736
411817
411847
411890
411910
412063
412126
412145
412245
412319
412413
412435
412636
412844
412940
413065
413116
413283
413316
413348
413470
413703
413999
414166
414202
414277
414322
414376
414509
414609
414613
414717
414784
414957
415077
415198
415416
415726
415999
416039
416064
416291
416358
416395
416405
416407
416407
416442
416489
416520
416777
416809
417098
417289
417375
417661
417842
417941
417965
418297
418389
418559
418608
418615
418696
418732
418752
419141
419169
419173
419226
419257
419310
419413
419523
419539
419701
419777
419866
419880
419921
419927
420082
420106
420186
420222
420894
420981
420997
421025
421119
421144
421260
421355
421619
421913
422171
422224
422474
422557
422592
422608
422900
422914
422997
423122
423164
423216
423324
423580
423776
423779
423817
423875
423889
423954
423995
423996
424124
424229
424343
424434
424604
424647
424654
424696
424841
424885
424942
425002
425030
425240
425322
425681
425707
425930
426103
426205
426351
426369
426392
426735
426795
426857
426938
427173
427244
427281
427440
427441
427528
427611
427737
427740
427842
427865
428103
428296
428399
428494
428503
428647
428817
429134
429282
429284
429313
429329
429522
429538
429539
429608
429740
429936
429996
430056
430147
430269
430304
430369
430384
430525
430903
430942
431321
431322
431356
431403
431576
431581
431589
431623
431753
431909
432228
432466
432513
432871
432926
432947
433013
433113
433286
433313
433568
433684
433726
433742
434052
434084
434306
434552
434648
434724
434735
434786
434973
435006
435338
435350
435400
435622
435631
435763
436126
436252
436321
436393
436745
436804
436805
437070
437202
437294
437341
437581
437938
437990
438093
438183
438360
438644
438734
438911
439085
439087
439097
439197
439238
439244
439302
439345
439364
439470
439502
439514
439554
439648
439669
439713
439856
439941
440087
440128
440242
440338
440410
440538
440718
440732
440758
440849
440924
441122
441332
441399
441469
441504
441542
441608
441712
441717
441982
442154
442395
442407
442431
442469
442498
442566
442704
442787
442880
442884
443158
443263
443354
443482
443537
443650
443687
443689
443713
443723
443830
444181
444220
444385
444542
444823
444913
445062
445203
445269
445337
445449
445607
445649
445792
445933
445978
445999
446009
446158
446267
446267
446302
446352
446583
446723
446884
446954
446986
447105
447131
447204
447276
447314
447351
447494
447577
447642
447849
448081
448311
448448
448613
448630
448729
448748
448827
448924
449054
449073
449551
449681
449692
450000
450232
450237
450290
450438
450608
450670
450696
450713
450718
450848
450955
450962
451000
451022
451090
451145
451174
451185
451189
451320
451387
451486
451623
451659
451825
451903
451911
452020
452070
452125
452152
452275
452293
452319
452322
452415
452662
452918
453014
453091
453210
453252
453266
453452
453536
453558
453575
453700
453768
453800
453856
454008
454042
454046
454057
454060
454109
454277
454346
454378
454561
454613
454632
454657
454804
454924
454937
455106
455178
455233
455458
455553
455599
455864
455869
455967
456091
456214
456360
456550
456613
456619
456765
456816
456828
457062
457161
457247
457289
457295
457311
457319
457501
457504
457526
457762
457944
458050
458117
458172
458201
458263
458278
458320
458499
458700
459072
459213
459230
459237
459297
459373
459519
459546
459741
460187
460209
460316
460539
460641
460763
460818
460867
460922
460996
461043
461050
461365
461463
461515
461700
461838
461964
461995
462108
462181
462237
462385
462431
462450
462565
462633
462695
462702
462727
462888
462910
462924
463029
463129
463145
463249
463268
463443
463445
463558
463844
463886
464329
464333
464415
464503
464575
464831
464897
464975
464989
465013
465116
465424
465431
465595
465785
465999
466080
466183
466219
466286
466382
466411
466412
466451
466456
466605
466640
466730
466940
466940
467166
467187
467420
467461
467487
467596
467653
467667
467689
467752
467759
467760
467789
467799
467801
467959
467978
468079
468097
468147
468188
468239
468261
468478
468693
468815
469086
469089
469162
469232
469276
469657
469706
469820
469880
470065
470258
470313
470419
470451
470486
470697
470719
470864
470902
471132
471330
471519
471595
471634
471713
471806
471936
472048
472079
472109
472123
472139
472358
472401
472422
472527
472561
472678
472878
472894
472984
473121
473130
473480
473564
473622
473667
473855
473908
473921
474015
474036
474045
474094
474333
474660
474692
474972
475017
475047
475111
475216
475281
475301
475301
475317
475441
475790
475949
476033
476041
476167
476226
476455
476486
476664
476708
476770
476813
476837
477021
477027
477028
477216
477467
477499
477540
477573
477615
477754
477761
477793
477835
477936
478090
478174
478208
478212
478420
478456
478462
478904
478941
478993
479362
479463
479638
479652
479743
479975
480167
480366
480585
480608
480693
480710
480802
480872
481066
481122
481143
481293
481503
481569
481713
481832
481884
481951
482005
482017
482031
482264
482337
482432
482438
482476
482539
482542
482588
482592
482810
482887
483357
483367
483661
483728
483810
483970
484187
484355
484564
484569
484799
485066
485324
485448
485499
485587
485771
485778
486025
486107
486296
486360
486527
486537
486704
486847
486913
486978
486988
487334
487351
487398
487531
487535
487986
487996
488154
488205
488332
488336
488564
488740
488811
488869
488891
488942
488957
489026
489120
489128
489290
489429
489501
489618
489621
489757
489891
490086
490231
490355
490471
490508
490517
490920
490978
491052
491124
491236
491241
491253
491329
491477
491553
491579
491637
491772
491790
491975
491981
492130
492365
492396
492579
492667
492775
492913
493189
493390
493917
494114
494674
494738
495049
495228
495297
495439
495456
495726
495982
495998
496107
496130
496239
496256
496344
496360
496525
496752
497325
497379
497522
497621
497660
497743
497803
497804
497825
497905
497976
498049
498125
498758
498922
499030
499152
499252
499369
499395
499494
499574
499599
499626
499764
499775
499796
499958
500002
500085
500140
500212
500307
500327
500349
500368
500458
500517
500541
500731
500753
500776
500862
500867
500915
501201
501224
501711
501843
501898
502001
502113
502217
502387
502391
502543
502633
502875
502925
503089
503094
503204
503254
503306
503333
503515
503621
503645
503655
503731
503934
503944
503983
504170
504267
504279
504279
504305
504316
504456
504512
504565
504577
504676
504775
504794
504971
505067
505420
505755
506065
506206
506222
506245
506399
506446
506561
506639
506735
507090
507180
507298
507385
507542
507626
507665
507732
507739
507815
508329
508436
508531
508705
508819
508888
508956
508975
509134
509158
509193
509197
509243
509288
509500
509514
509669
509689
509714
509859
509944
509947
510029
510049
510138
510388
510416
510476
510498
510509
510674
510717
510808
510824
511029
511043
511130
511138
511168
511171
511319
511321
511365
511433
511436
511488
511527
511573
511876
512015
512019
512257
512372
512387
512419
512540
512552
512828
512853
512877
513015
513131
513153
513154
513259
513533
513713
513807
513962
514176
514717
514745
514818
514821
514887
514914
514977
514993
515029
515273
515277
515409
515417
515553
515566
515595
515605
515641
515673
515687
515721
515816
515847
515983
516153
516202
516222
516413
516461
516533
516549
516558
516691
516710
516739
516799
517146
517293
517425
517519
517744
517883
517995
518005
518020
518026
518098
518146
518248
518278
518414
518419
518644
518681
518808
518809
519228
519263
519290
519467
519547
519624
519739
519792
520089
520139
520215
520356
520589
520703
520802
520816
521186
521186
521242
521291
521314
521444
521630
521671
521676
521693
521832
521918
521965
522032
522078
522088
522248
522327
522533
522570
522949
523058
523268
523319
523382
523499
523505
523586
523687
523753
523766
523796
523834
523873
524186
524370
524379
524506
524530
524786
524831
525028
525029
525252
525309
525315
525321
525333
525351
525381
525445
525735
525744
525923
525952
525967
526287
526455
526529
526542
526596
526725
526728
526768
526818
526884
526949
526967
527040
527128
527310
527316
527558
527567
527621
527740
527749
528062
528083
528123
528210
528216
528233
528274
528316
528321
528376
528474
528614
528930
529174
529264
529383
529492
529582
529589
529730
529795
529867
529915
530019
530070
530116
530269
530361
530519
530645
530735
530809
531166
531301
531316
531610
531834
531837
531921
531941
531991
532201
532294
532310
532586
532842
532845
532869
533007
533119
533371
533467
533585
533593
533742
533819
533977
534148
534230
534258
534287
534355
534393
534502
534719
534741
534905
535053
535146
535184
535506
535583
535788
535863
535925
536151
536366
536526
536610
536614
536625
537006
537025
537132
537345
537432
538126
538215
538340
538428
538440
538470
538785
538881
538895
539234
539559
539565
539599
539601
539670
539700
539957
540012
540239
540251
540308
540610
540655
540718
540806
540885
540991
541063
541192
541201
541247
541277
541395
541445
541500
541574
541669
541788
541789
541841
541870
541884
542072
542080
542299
542302
542340
542513
542564
542601
542605
542620
542708
542734
543120
543211
543490
543520
543545
543602
543639
543727
544093
544179
544264
544293
544460
544621
544837
544940
545195
545359
545379
545474
545527
545583
545634
545796
545868
545905
545963
546033
546105
546333
546468
546473
546503
546533
546713
546844
546893
546913
547005
547012
547073
547287
547467
547496
547509
547620
547750
547777
547843
547951
547955
548022
548057
548211
548273
548304
548349
548352
548492
548538
548727
548762
548764
549155
549236
549432
549587
550093
550166
550228
550373
550404
550443
550545
550744
550994
551226
551247
551270
551476
551524
551570
551571
551642
551654
551812
552159
552161
552185
552251
552667
552817
553034
553052
553168
553269
553594
553759
553851
553854
553964
554130
554214
554410
554492
554517
554547
554561
555082
555168
555435
555516
555629
555667
555762
555764
555880
555977
556241
556493
556607
556682
556737
557008
557110
557121
557156
557158
557522
557795
557837
557899
557946
557991
558069
558142
558227
558420
558421
558539
558640
558654
558689
558813
558840
558843
558964
559024
559042
559351
559624
559649
559678
559784
559832
559980
560189
560242
560437
560541
560545
560558
560772
561021
561064
561098
561402
561480
561552
561638
561664
561768
561812
562114
562164
562306
562644
562732
562953
562994
563222
563251
563342
563400
563424
563480
563500
563503
563597
563599
563600
563656
563715
563724
563808
563863
563935
564014
564081
564248
564257
564266
564310
564509
564617
564627
564807
564873
564880
565036
565145
565175
565183
565289
565315
565402
565417
565777
565922
565928
566153
566177
566297
566302
566374
566374
566386
566425
566518
566585
566594
566868
566991
567025
567186
567344
567545
567559
567581
567671
567761
567904
568334
568471
568785
568847
568969
569013
569035
569061
569210
569233
569281
569336
569487
569538
569646
569677
569691
569767
569792
569792
569957
570019
570114
570125
570142
570270
570282
570345
570376
570387
570586
571339
571362
571415
571723
571817
571928
572037
572175
572195
572443
572508
572573
572655
572754
572878
572987
573101
573113
573285
573438
573445
573465
573791
573865
574152
574325
574548
574671
574700
574730
574854
574871
574937
574946
574952
574969
575058
575481
575557
575590
575636
575658
575716
575772
576189
576221
576289
576435
576543
576710
576860
577044
577148
577161
577470
577494
577801
577832
577922
577958
578023
578033
578360
578491
578602
578663
578798
578800
578858
578974
579352
579706
579718
579725
579837
580007
580238
580349
580413
580420
580644
580656
580669
580675
580726
580755
580848
581024
581268
581326
581402
581439
581644
581880
581922
581953
582032
582312
582377
582397
582571
582597
582635
582745
582811
583023
583045
583167
583311
583332
583519
583533
583547
583590
583650
583900
583912
583916
584054
584103
584129
584164
584302
584676
584857
584884
584947
585037
585068
585182
585373
585461
585472
585638
585701
585879
585938
585987
586083
586152
586170
586349
586396
586500
586764
586824
586837
586856
587102
587177
587253
587299
587415
587517
587738
587834
587945
588192
588544
588603
588611
588878
588908
588941
588944
589004
589063
589101
589194
589215
589506
589640
589644
589724
589778
589820
589834
589917
589975
590079
590353
590399
590646
590753
590753
590758
590850
590851
591037
591222
591613
591646
591654
591689
591719
591940
592124
592166
592212
592277
592348
592497
592639
592652
592881
592894
593059
593189
593200
593287
593523
593634
593822
593990
594218
594229
594342
594471
594537
594637
594739
594826
595079
595205
595391
595514
595622
595634
595674
595698
595727
595875
595940
595959
596020
596068
596102
596334
596348
596578
596657
596851
596972
596999
597043
597272
597303
597403
597418
597478
597484
597499
597529
597581
597583
597773
597816
598124
598181
598200
598241
598404
598522
598533
598600
599363
599573
599832
600365
600370
600390
600610
600673
600697
600950
601056
601102
601366
601390
601643
601894
602389
602414
602514
602608
602694
602752
602790
602962
603119
603145
603200
603317
603456
603495
603516
603541
603672
603816
603832
603931
604002
604065
604179
604185
604325
604511
604659
604729
604747
604760
604899
604938
604943
605060
605068
605126
605247
605250
605319
605389
605427
605463
605704
605798
605926
605963
606380
606484
606520
606556
606668
606876
606946
607024
607322
607328
607426
607506
607525
607622
607680
607763
607850
607909
607930
608100
608130
608277
608301
608407
608486
608604
608620
608715
608883
608948
609035
609141
609184
609249
609370
609394
609927
609942
609967
610050
610161
610221
610388
610620
610690
610718
610726
610769
610936
611106
611134
611205
611240
611268
611364
611521
611800
611877
611920
611980
612116
612142
612174
612392
612419
612504
612561
612615
612661
612713
612764
612803
612807
612864
613035
613177
613180
613234
613277
613282
613331
613794
613934
614204
614496
614499
614527
614562
614682
614786
614791
615054
615145
615188
615226
615262
615331
615426
615771
615825
615885
615987
616058
616157
616299
616327
616357
616391
616477
616666
616759
616894
616894
617110
617395
617434
617456
617478
617531
617566
617652
617681
617682
617798
617911
618180
618237
618433
618527
618677
618744
618869
618893
618976
619025
619104
619380
619508
619642
619678
619712
619752
619767
619982
620226
620233
620247
620250
620301
620557
620622
620637
620719
620750
620813
620888
620982
621212
621309
621336
621532
621540
621714
621869
621898
622016
622078
622271
622457
622535
622549
622553
622683
622725
622909
622995
623112
623323
623347
623406
623443
623616
623871
623907
623941
623979
624164
624213
624216
624221
624228
624377
624503
624664
624735
624789
624873
625469
625485
625562
625791
625869
625892
625902
626179
626227
626343
626695
626751
626988
627100
627127
627363
627518
627542
627692
627740
627753
627764
627815
627821
628024
628122
628366
628390
628576
628904
628910
629036
629150
629262
629308
629330
629352
629500
629518
629642
629685
629700
629819
629994
630065
630105
630259
630260
630324
630587
630646
630735
631132
631323
631490
631595
631605
631663
631980
632396
632484
632565
632598
632620
632645
632942
633087
633103
633110
633247
633360
633466
633602
633823
633823
633985
634034
634068
634159
634205
634385
634530
634623
634625
634644
634838
634841
634858
634982
635011
635062
635112
635343
635418
635759
635808
635902
635943
636143
636263
636369
636636
636695
636857
636903
636937
637067
637303
637440
637673
637882
637910
638035
638076
638180
638255
638301
638347
638438
638514
638598
638703
638709
638714
638850
638900
639058
639067
639080
639126
639369
639376
639437
639483
639700
639711
639781
639851
639852
639906
640000
640190
640328
640361
640376
640383
640429
640486
640732
640774
640775
640801
640888
640892
640903
641057
641171
641247
641332
641502
641580
641767
641908
642095
642121
642238
642317
642322
642398
642817
642843
642912
642939
643072
643117
643213
643225
643243
643467
643478
643544
643572
643579
643793
643944
644126
644177
644256
644364
644519
644743
644799
644978
645010
645018
645048
645069
645151
645209
645378
645422
645674
645711
645990
646009
646053
646058
646181
646211
646274
646370
646398
646456
646530
646613
646615
646697
646722
646726
646788
646807
646826
646922
646951
646961
647001
647118
647278
647325
647331
647422
647519
647566
647721
647736
647805
648003
648120
648121
648124
648209
648276
648387
648391
648423
648484
648533
648681
648756
648884
649240
649247
649463
649630
649800
649868
649921
649973
649993
650302
650304
650339
650400
650428
650471
650555
650561
650765
650778
650782
650820
651052
651230
651239
651275
651298
651309
651369
651419
651442
651485
651514
651719
651790
651808
651831
651872
651960
652192
652220
652351
652351
652535
652661
652696
652712
652716
652719
652911
652915
652922
653055
653074
653194
653201
653209
653289
653548
653567
653581
653666
653700
653825
653936
653989
654183
654313
654464
654483
654570
654570
654667
654834
655023
655025
655223
655574
655657
655711
655795
655917
655968
655997
656010
656030
656130
656147
656167
656432
656476
656499
656530
656581
656739
656762
656782
656975
656999
657015
657051
657078
657164
657639
657670
657892
658217
658253
658481
658505
658547
658548
658718
658812
658865
658946
659053
659182
659209
659265
659400
659501
659537
659554
659653
659769
659893
660250
660317
660339
660386
660396
660540
660630
660716
660720
660941
661128
661137
661502
661583
661598
661703
661954
662097
662173
662224
662553
662717
663224
663298
663333
663658
663659
664077
664115
664192
664355
664670
664938
665340
665431
665472
665652
665869
666110
666121
666276
666384
666533
666643
666675
666794
667133
667153
667260
667307
667387
667602
667631
667741
667744
667816
667893
667970
668020
668139
668167
668474
668661
668765
668765
668860
668902
669080
669128
669189
669245
669298
669314
669417
669554
669718
669868
669995
670128
670170
670223
670279
670297
670416
670530
670539
670574
670632
670741
671024
671362
671495
671496
671600
671667
671674
671682
671747
671747
671818
671892
671969
672029
672172
672282
672450
672568
672600
672674
672805
672808
672944
673033
673131
673155
673192
673237
673263
673564
673702
673836
673888
673900
673938
674230
674353
674540
674913
675063
675148
675411
675641
675648
675679
675785
675804
675877
675908
676000
676029
676102
676286
676335
676342
676347
676453
676644
676726
676726
676961
677054
677105
677147
677221
677245
677246
677264
677267
677326
677487
677741
677766
677864
677900
678004
678036
678072
678205
678242
678275
678277
678303
678326
678328
678354
678418
678519
678551
678884
678957
679070
679485
679486
679558
679648
679690
679796
679968
679995
680046
680071
680124
680140
680226
680278
680337
680652
680788
680817
680913
680993
681302
681338
681351
681372
681546
681552
682148
682153
682310
682311
682358
682551
682595
682640
682824
682941
683006
683228
683262
683309
683321
683424
683431
683463
683485
683503
683609
683825
683879
683894
683971
683996
684028
684100
684212
684307
684531
684642
684817
684893
684945
685073
685092
685202
685208
685262
685278
685406
685440
685583
685611
685867
685989
685991
686088
686145
686254
686436
686575
686672
686780
686801
686837
686900
686927
686935
687018
687068
687477
687664
687687
687968
688020
688128
688131
688185
688201
688308
688370
688383
688460
688461
688481
688511
688542
688605
688789
688910
689004
689054
689057
689097
689155
689176
689480
689727
689731
689784
689828
689845
690080
690113
690218
690298
690373
690397
690436
690462
690517
690663
690666
690860
690872
690891
690896
690919
691129
691409
691587
691602
691622
691727
691774
691831
691854
692029
692204
692262
692526
692550
692602
692655
692889
692892
693121
693280
693369
693477
693514
693764
693778
693939
693979
694073
694313
694376
694469
694585
694918
695063
695080
695145
695161
695222
695473
695682
695809
695828
696028
696219
696332
696609
696648
696756
696844
697003
697070
697144
697166
697192
697220
697455
697479
697640
697663
697818
697869
698008
698050
698059
698242
698538
698559
698849
698910
699071
699171
699307
699364
699384
699475
699714
699769
700011
700082
700155
700180
700347
700465
700489
700670
700756
700815
700911
700980
700989
701258
701406
701418
701550
701682
701699
701822
701828
701887
701894
701974
701989
702000
702129
702236
702274
702299
702340
702473
702711
702824
702851
702884
702943
702967
703360
703484
703829
703831
703864
703927
703962
703984
703993
704079
704193
704287
704603
704612
704664
704775
704845
704939
705086
705322
705440
705869
705916
705997
706132
706138
706143
706377
706409
706643
706918
706984
707132
707148
707171
707193
707250
707310
707342
707421
707779
707791
707827
707843
707871
708134
708263
708348
708370
708568
708579
708816
708864
709020
709042
709129
709207
709248
709333
709465
709538
709647
709785
709936
710178
710206
710215
710258
710259
710287
710377
710432
710569
710655
710963
711066
711149
711274
711409
711450
711494
711555
711709
711802
712259
712339
712536
712549
712550
712698
712909
713052
713158
713392
713578
713731
713791
713895
713904
714098
714332
714661
714749
714755
714833
714908
715005
715055
715166
715425
715522
715815
716002
716172
716226
716231
716376
716407
716582
716650
716873
716926
716932
717097
717133
717490
717596
717722
717722
717759
717934
718070
718161
718320
718454
718603
718615
718701
718710
718759
719079
719171
719173
719202
719416
719673
719749
719757
719764
719774
719782
719914
720048
720056
720187
720411
720427
720456
720524
720643
720674
720855
720883
720898
720939
721112
721316
721371
721466
721722
721857
721918
722072
722088
722090
722107
722385
722392
722447
722478
722498
722516
722577
722699
722717
722970
723021
723321
723611
723648
723673
723814
723910
724039
724097
724212
724232
724270
724280
724305
724551
724613
724654
724699
724755
724770
724772
725043
725328
725330
725454
725644
725677
725846
726050
726359
726365
726403
726408
726420
726433
726497
726535
726816
726844
727123
727134
727142
727364
727474
727595
727760
727856
727912
727922
727944
727949
728085
728133
728249
728344
728461
728470
728472
728612
728644
728652
728867
728892
728940
729010
729059
729328
729345
729367
729405
729430
729542
729659
729863
729877
729956
729974
730155
730200
730204
730226
730280
730442
730462
730532
730540
730578
730698
730736
730908
731125
731151
731192
731443
731470
731470
731863
731879
732047
732080
732085
732101
732115
732378
732418
732536
732663
732947
733000
733282
733402
733431
733635
733714
733922
733980
734027
734093
734183
734627
734926
734934
735030
735077
735107
735292
735330
735424
735480
735510
735588
735653
736130
736228
736235
736400
736484
736570
736716
736833
736928
737133
737137
737386
737440
737523
737526
737807
737871
737900
737983
738000
738024
738105
738138
738174
738198
738252
738300
738348
738393
738567
738753
738761
738832
738833
738875
738917
738949
739045
739311
739414
739518
739629
739708
739855
740083
740168
740198
740250
740378
740427
740727
740736
740852
740975
740981
741042
741064
741067
741130
741220
741285
741310
741455
741494
741578
741599
741645
741743
741771
741843
741884
741906
741968
742106
742140
742145
742204
742267
742432
742436
742442
742610
742614
742732
742762
742956
743341
743404
743438
743717
743905
743936
744331
744398
744467
744619
744872
744900
744906
744954
744976
744985
745035
745058
745109
745147
745245
745282
745299
745413
745497
745653
745694
745823
745827
745838
746055
746093
746319
746429
746846
747004
747095
747135
747268
747273
747408
747536
747711
747824
747994
748030
748162
748223
748377
748397
748413
748484
748494
748548
748590
748599
748794
748819
748969
749075
749119
749204
749302
749383
749438
749448
749467
749666
749780
749815
750033
750082
750096
750215
750277
750289
750366
750409
750464
750484
750654
750790
750809
750994
751079
751270
751314
751341
751439
751529
751685
752045
752116
752129
752156
752288
752323
752424
752487
752576
752639
752728
753095
753164
753197
753242
753347
753433
753482
753515
753581
753753
753755
753991
754045
754104
754151
754410
754454
754517
754531
754561
754667
754797
754970
755222
755275
755277
755372
755426
755493
755496
755606
755628
755712
755872
755915
756037
756300
756437
756650
756689
756720
756769
756783
756828
757198
757426
757509
757516
757545
757631
757677
758073
758080
758121
758127
758149
758276
758414
758448
758495
758541
758544
758569
758641
758657
759160
759176
759359
759595
759606
759638
759698
759787
759936
760064
760076
760323
760330
760432
760440
760498
760767
760863
761216
761249
761332
761513
761526
761549
761665
761672
761773
761930
762019
762042
762062
762181
762364
762399
762523
762601
762696
762737
762818
763006
763014
763163
763219
763236
763278
763291
763484
763516
763559
763679
763925
764008
764488
764653
764676
764676
764794
764895
765002
765090
765194
765230
765246
765317
765498
765562
765564
765611
765666
765731
766112
766299
766574
766655
766658
766768
766824
766848
766890
767017
767255
767397
767440
767444
767546
767708
767979
768037
768481
768664
768674
768862
769026
769096
769165
769174
769685
770158
770196
770229
770254
770451
770464
770913
771028
771062
771069
771080
771156
771471
771982
772054
772120
772307
772374
772468
772608
772718
772727
772873
772900
772900
772942
772951
772996
773050
773355
773510
773543
773604
773668
773684
773814
773864
774075
774258
774274
774282
774294
774452
774473
774700
774826
774968
774970
775058
775210
775225
775258
775653
775673
775687
775911
776051
776082
776086
776116
776146
776385
776411
776426
776556
776618
776673
776748
776750
776767
776788
776867
776953
776966
777127
777133
777159
777223
777231
777396
777422
777463
777610
777701
777750
777811
777813
777831
777900
778160
778355
778397
778452
778499
778503
778576
778636
778717
778844
778846
778882
778956
778958
779117
779248
779438
779453
779491
779608
780065
780073
780154
780372
780390
780427
780486
780731
780782
780811
780911
780988
781016
781143
781178
781217
781223
781511
781711
781753
781933
781971
782117
782278
782319
782344
782402
782563
782614
782852
782954
783065
783104
783332
783337
783374
783386
783408
783431
783459
783560
783696
783784
783836
783958
783959
784041
784076
784126
784390
784401
784473
784501
784525
784614
784682
784718
784814
784842
784860
785051
785104
785180
785207
785236
785246
785315
785327
785554
785677
785729
785738
785775
785790
785822
785923
785976
786150
786156
786256
786273
786319
786369
786371
786551
786569
786997
787092
787128
787138
787243
787394
787413
787471
787498
787519
787555
787644
788072
788095
788273
788275
788296
788351
788473
788542
788578
788752
788839
789024
789185
789419
789533
789635
789758
789854
789972
790249
790471
790564
790566
790620
790651
790755
790774
790800
790826
790846
790941
791109
791117
791290
791298
791582
791871
791898
791906
792207
792217
792467
792548
792582
792598
792764
792848
792851
792989
793013
793078
793111
793157
793240
793326
793329
793387
793444
793491
793501
793737
793748
793854
793893
793957
793971
794170
794264
794435
794436
794436
794493
794830
794860
794868
795424
795617
795840
795858
795945
796190
796194
796252
796469
796541
796630
796718
796829
796930
796976
797176
797235
797344
797711
797789
797942
798037
798270
798300
798349
798359
798425
798494
798698
798814
798838
798885
798939
798962
799122
799151
799239
799260
799320
799448
799508
800103
800113
800221
800277
800290
800406
800415
800596
800642
800662
800691
800702
800822
800854
801079
801127
801258
801261
801289
801328
801405
801430
801507
801511
801667
801793
801900
801967
802007
802223
802269
802308
802478
802642
803080
803143
803149
803425
803781
804218
804250
804379
804460
805107
805156
805284
805309
805327
805332
805567
805853
805936
806219
806345
806347
806374
806553
806577
806585
806623
806742
806753
806784
806987
806996
807160
807176
807266
807282
807302
807318
807349
807351
807514
807534
807558
807606
807683
807816
807979
808127
808171
808241
808275
808398
808736
809014
809034
809094
809247
809300
809400
809483
809606
809643
809650
809681
809792
809863
809986
810160
810240
810589
810600
810706
810951
810990
811083
811366
811452
811616
811735
811765
811832
811879
811910
812016
812048
812257
812261
812286
812306
812376
812522
812609
812738
812795
813033
813111
813124
813304
813365
813495
813693
813699
813801
814060
814204
814331
814629
814858
814915
814940
815277
815334
815405
815614
815615
815631
815703
815777
815891
815898
816000
816051
816221
816342
816383
816427
816440
816664
816811
816845
816923
816945
817013
817202
817221
817245
817302
817492
817516
817632
817648
817649
817824
817871
818014
818075
818231
818267
818272
818309
818318
818415
818449
818651
818992
819043
819233
819360
819364
819676
819816
819872
820158
820676
821124
821176
821177
821221
821436
821521
821535
821567
821603
821671
821755
821814
822033
822100
822165
822191
822281
822281
822289
822292
822564
822573
822616
822638
822641
822685
822790
822910
823085
823124
823157
823583
823668
823674
823725
823763
823765
823795
823806
824263
824373
824473
824653
824741
824744
824774
824824
824914
825017
825095
825469
825605
825791
825796
825852
826003
826413
826482
826497
826616
826683
826884
826951
827089
827123
827528
827561
827643
827733
827756
827895
827929
828096
828217
828489
828717
828722
828986
829367
829385
829441
829765
829799
829859
829871
829975
829988
830062
830125
830152
830265
830450
830452
830463
830542
830581
830619
830662
830943
830968
831035
831059
831085
831298
831328
831568
831583
831657
831731
831758
832016
832171
832183
832364
832398
832581
832614
832673
832692
832704
832706
832803
832878
833129
833191
833257
833278
833294
833307
833459
833521
833601
833774
834029
834039
834315
834342
834487
834587
834949
835000
835014
835089
835124
835193
835541
835574
835698
835787
835922
835923
835967
836150
836150
836294
836459
836470
836655
836758
836790
836796
836820
836976
837155
837220
837294
837611
837682
837704
837733
837939
838178
838304
838448
838526
838588
838964
839130
839142
839166
839330
839442
839497
839683
839823
839897
839951
840181
840556
840569
840653
841055
841107
841175
841233
841615
841781
841931
842114
842139
842206
842221
842279
842303
842472
842595
842673
842737
842789
842833
842968
843032
843077
843167
843213
843315
843323
843356
843427
843553
843676
843732
843928
843966
843970
844116
844237
844403
844412
844414
844461
844714
844739
844968
844989
845010
845085
845109
845252
845288
845405
845447
845450
845598
845641
845705
845766
845872
846076
846176
846277
846293
846491
846577
846701
846944
846973
847042
847122
847144
847180
847191
847249
847432
847488
847660
847734
847783
847787
847895
847938
847981
848170
848287
848324
848341
848455
848538
848934
848949
848986
849020
849038
849179
849336
849435
849448
849507
849595
849602
849710
849714
849727
849893
849901
849915
849968
850090
850120
850127
850150
850215
850238
850439
850453
850502
850541
850550
850606
850612
850707
850973
850975
851259
851260
851260
851304
851444
851492
851493
851536
851585
851649
851868
851957
852011
852028
852041
852056
852177
852218
852272
852284
852413
852540
852660
852671
852866
852928
852997
853052
853280
853460
853540
853602
854678
854780
854890
855039
855199
855203
855397
855497
855571
856031
856035
856045
856151
856233
856303
856789
856900
856968
857126
857232
857270
857278
857407
857465
857532
857879
857926
858116
858144
858257
858371
858501
858619
858784
858918
858947
858976
859017
859052
859219
859291
859400
859739
859808
859846
859982
859992
860134
860697
860699
860768
860789
860987
861140
861274
861387
861395
861396
861421
861570
861622
861777
861794
861939
861943
862218
862472
862718
862759
863369
863424
863482
863555
863628
863954
863988
864163
864172
864560
864571
864728
864775
864941
865017
865018
865252
865266
865325
865382
865482
865500
865551
865617
865747
865959
865962
866179
866226
866281
866448
866531
866688
866716
866761
866833
866988
866996
867045
867081
867169
867260
867403
867475
867506
867801
867877
867908
868294
868379
868381
868577
868687
868740
868817
869076
869292
869450
869453
869523
869548
869705
869758
869978
870112
870374
870378
870543
870693
870753
870820
870912
871111
871152
871200
871280
871283
871438
871881
871960
872067
872085
872111
872150
872298
872434
872446
872475
872499
872692
872733
873019
873057
873097
873109
873175
873177
873541
873695
873759
873795
873946
874169
874212
874369
874474
874505
874614
874626
874758
874773
874848
874927
874965
875235
875241
875417
875531
875656
875706
875828
875892
876082
876267
876557
876710
877064
877365
877561
877569
877575
877649
877651
878021
878036
878171
878295
878308
878447
878554
878559
878711
878823
878909
879014
879042
879094
879729
879788
880253
880481
880538
880554
880593
880651
880698
880705
880768
880844
880915
881093
881149
881225
881228
881237
881315
881326
881407
881487
881518
881731
881741
881847
882026
882066
882173
882254
882290
882390
882467
882482
882595
882695
882716
882756
882832
882874
883067
883153
883264
883315
883408
883549
883791
883804
883821
883848
883850
883968
883971
884069
884134
884155
884271
884389
884410
884415
884602
884856
884869
885107
885322
885498
885599
885709
885744
885836
886091
886144
886377
886431
886440
886513
886516
886536
886580
886639
886643
886681
886780
886944
887449
887565
887804
888188
888250
888279
888362
888518
888606
888622
888766
888870
888898
889147
889386
889441
889506
889843
889889
889974
890214
890237
890383
890621
891006
891091
891337
891388
891462
891479
891626
891636
891832
891849
892026
892137
892167
892262
892411
892477
892503
892518
892557
892577
892587
892632
892939
893043
893109
893421
893457
893478
893480
893511
893511
893524
893624
893735
894124
894136
894326
894364
894437
894499
894592
894623
894666
894793
894851
894985
895064
895074
895242
895256
895549
895695
895751
895774
895860
895952
896327
896508
896638
896707
896896
896971
897121
897159
897206
897753
898026
898274
898413
898459
898566
898745
898794
898823
898871
898904
898929
899016
899035
899301
899441
899573
899635
899951
900007
900173
900179
900500
900724
900763
900908
900979
901064
901234
901411
901440
901444
901495
901783
901975
902006
902246
902326
902348
902536
902622
902646
902666
902667
902841
903013
903019
903034
903142
903152
903258
903459
903471
903722
903758
903760
903856
903904
904163
904188
904217
904319
904649
904663
904699
904977
904995
905083
905174
905295
905336
905423
905548
905591
905800
905816
906338
906624
906751
906760
906789
906817
906847
906904
907105
907113
907549
907624
907662
907809
907844
907856
907939
908081
908124
908275
908368
908405
908425
908536
908942
908970
909015
909115
909120
909186
909202
909238
909641
909861
909977
909992
910093
910174
910304
910364
910375
910540
910575
910585
910774
910777
910823
910883
910972
911097
911244
911251
911256
911334
911351
911384
911401
911422
911463
911630
911775
911866
911873
911902
911951
911958
912027
912035
912044
912373
912834
912862
912958
913053
913084
913099
913119
913141
913552
913592
913698
913721
913753
913790
913890
913923
914019
914201
914440
914469
914545
914635
914644
914797
914849
914854
914949
915031
915134
915142
915428
915607
915791
915822
915855
915876
916180
916235
916258
916268
916335
916862
916885
916972
916979
917416
917576
917620
917637
917691
917713
917861
918030
918134
918232
918259
918289
918404
918430
918548
918675
918805
918818
919114
919236
919254
919267
919425
919541
919614
919622
919871
919982
920379
920435
920558
920622
920643
920702
920742
920814
920841
921024
921064
921168
921237
921410
921461
921468
921514
921630
921783
922012
922109
922115
922128
922135
922179
922259
922569
922656
922744
922762
922865
923218
923286
923406
923489
923514
923700
923720
923751
923850
923895
924444
924445
924473
924702
924721
924774
924813
924973
925028
925040
925165
925201
925261
925587
925774
925844
925870
925950
926201
926350
926541
926849
926920
927055
927069
927090
927132
927133
927226
927227
927278
927382
927431
927661
927804
927949
928526
928778
928810
929043
929283
929291
929641
929722
929730
929762
929767
929810
929984
929988
930123
930199
930202
930314
930418
930444
930486
930489
930842
930900
930900
930998
931022
931468
931494
931512
931530
931704
931763
931859
931887
932024
932110
932148
932466
932543
932597
932723
933128
933201
933237
933391
933570
933607
933739
933801
933837
934019
934023
934031
934046
934106
934154
934174
934181
934354
934443
934465
934476
934477
934823
934827
934892
934950
934986
935029
935071
935197
935225
935227
935315
935610
935741
935752
935764
935817
936042
936094
936214
936291
936353
936369
936402
936473
936498
936546
936590
936610
936691
936751
936797
936837
936858
936858
936910
936932
937031
937200
937205
937362
937379
937428
937481
937560
937628
937735
937843
937844
937888
938017
938026
938094
938134
938395
938698
938863
938989
939005
939044
939151
939160
939389
939489
939615
939694
939810
939934
939961
940106
940162
940213
940252
940275
940368
940553
940573
940591
940610
940679
940748
940772
940895
940920
941051
941133
941347
941429
941445
941513
941550
941550
941667
941687
941711
941966
942075
942127
942182
942192
942231
942393
942448
942502
942884
942902
943106
943118
943170
943171
943255
943259
943344
943369
943440
943443
943573
943575
943839
943910
943970
944035
944139
944314
944395
944502
944537
944574
944800
944926
945090
945528
945537
945683
945724
945752
945990
946192
946232
946347
946400
946408
946572
946766
946805
946840
947033
947204
947352
947469
947509
947510
947619
947672
947720
947802
947808
947986
948067
948121
948180
948203
948271
948393
948452
948462
948558
948576
948610
948637
948861
948942
949193
949361
949434
949459
949528
949655
949674
949710
949792
949910
949932
950012
950018
950236
950263
950314
950389
950461
950465
950664
950740
950857
951016
951064
951085
951153
951213
951390
951425
951432
951434
951498
951633
951684
951786
951872
952008
952132
952270
952298
952468
952490
952605
952632
952650
952796
953159
953159
953164
953430
953441
953603
953624
953631
953696
953702
953725
953785
953819
953882
954013
954035
954057
954072
954138
954168
954180
954184
954262
954377
954403
954479
954533
954543
954560
954635
954639
954669
954679
954750
954822
954981
954989
955050
955365
955410
955709
955755
955918
956109
956160
956199
956227
956344
956410
956677
956810
956940
956943
957076
957307
957340
957360
957367
957455
957540
957558
957678
957712
957824
957869
957874
957931
957955
958113
958238
958270
958354
958369
958405
958407
958416
958428
958482
958587
958662
958810
958830
958847
959036
959092
959739
959827
959867
959972
960080
960187
960427
960537
960567
960737
960748
960981
961025
961051
961053
961401
961461
961576
961664
961718
961768
961776
961805
961821
961922
962384
962466
962518
962582
962666
962728
962807
963105
963240
963340
963608
963788
963997
964047
964078
964158
964222
964267
964293
964482
964526
964925
964983
965066
965180
965482
965566
965595
965650
965677
965683
965791
965888
965897
965990
966074
966288
966305
966482
966642
966738
966887
966987
967006
967151
967182
967298
967359
967389
967429
967535
967597
967840
967931
967949
968056
968086
968195
968392
968414
968536
968900
968914
968920
968981
969273
969600
969644
969684
969813
969893
969958
970058
970253
970588
970719
970766
970817
970824
970860
970879
970914
970964
971098
971102
971144
971176
971190
971236
971242
971492
971584
971753
971764
971768
971770
971856
972151
972308
972335
972401
972405
972517
972665
972790
972801
972818
972843
972885
972895
973103
973282
973415
973905
973967
973970
973998
974023
974252
974376
974510
974566
974570
974617
974741
974833
974839
974842
974842
974895
975120
975333
975336
975344
975365
975398
975502
975615
975667
975685
975803
975824
975980
976076
976413
976669
976814
976904
977020
977035
977201
977617
977670
977768
977782
977934
978254
978350
978363
978398
978467
978697
978764
978801
979059
979269
979445
979449
979487
979749
979830
979931
980093
980134
980260
980419
981099
981380
981464
981520
981652
982032
982146
982160
982388
982410
982435
982558
982756
982821
982871
982880
982988
983007
983084
983125
983171
983174
983277
983641
983745
983872
984018
984142
984222
984317
984385
984435
984448
984506
984610
984798
984912
985026
985143
985388
985446
985454
985484
985555
985605
985704
986255
986312
986504
986616
986653
986797
986983
986984
987052
987143
987149
987352
987422
987678
987682
987684
987686
987917
987923
988056
988099
988304
988368
988568
988647
988886
989084
989205
989249
989491
989726
989803
989861
989959
989992
990076
990141
990162
990192
990197
990216
990227
990276
990409
990448
990470
990477
990749
990854
990860
990977
991071
991230
991233
991416
991486
991616
991629
991854
991937
991999
992039
992068
992121
992374
992453
992453
992518
992568
992832
992961
993015
993081
993108
993205
993214
993265
993430
993462
993514
993719
993852
993896
993962
994046
994083
994156
994182
994257
994305
994324
994381
994566
994657
994866
995029
995043
995047
995258
995330
995382
995400
995600
995607
995736
995786
995803
995927
995962
995992
996168
996202
996319
996336
996345
996401
996756
996783
996814
996869
996961
996990
997130
997194
997218
997233
997381
997387
997425
997484
997720
997763
997775
997926
997971
998253
998254
998309
998511
998580
998617
998625
998682
998909
998977
999014
999129
999171
999263
999286
999308
999361
999461
999586
999614
999665
999913
